Gene	DG_logFC	CA_FC	Bo_20_4b	Bo_21_4b	Bo_22_4b	Bo_23_4b	Bo_24_4b	Bo_25_4b	Bo_14_4b	Bo_15_4b	Bo_14_5b	Bo_15_5b	Bo_22_5b	Bo_23_5b	Bo_20_5b	Bo_21_5b	Bo_24_5b	Bo_25_5b
Cxcr1	Cxcr1	3.71404489	-1.103382946	-0.255602821213352	-0.48833931642957	-0.48811392652062	-0.51743356843194	2.87107992239219	1.2558853241689	0.360920908055627	3.35307719495129	0.723735779358705	0.6679193260196	1.08930839089137	0.91280323886116	0.0497329788145861	0.29208063941597	-0.0224997560047233	-0.0871951574458065
Bhlhe23	Bhlhe23	3.069022327	-1.103058743	-0.665620513575365	-0.982455422132507	-0.982087280370473	-0.903593216636231	2.75560165569657	1.99506760495542	2.60218923548536	-0.669063241806692	1.06018287643959	0.390809820257799	-0.265668663086154	1.45917823629651	-0.734352035014481	-0.353416797850365	0.194250115199708	-0.401603496443881
Il16	Il16	2.933964577	-0.718247574	-0.142627999563878	-0.623790029524473	-0.581754638202254	-0.556709873974906	3.90281094753536	1.62647087657939	2.06798515866825	0.388222254690713	0.836800001664407	0.740656919457344	0.401567967206997	0.804703410204621	-0.0190668318156061	0.0675880488546656	0.371728534851202	-0.0345563830249965
Mei1	Mei1	2.672577203	-0.717292959	-0.160262819214615	-0.523918653906378	-0.502703090959357	-0.477451215666019	2.97644273449081	0.835526647915152	2.10997527578158	1.50155659619051	1.28414775077021	1.01820030184963	0.556899712273454	1.36424800023939	0.0662019538214929	0.378703673895934	0.887535803235039	0.00510742049391605
Cpne4	Cpne4	2.54963837	-0.765669675	-0.300472897894424	-0.635989502231916	-0.605944038065837	-0.592647410903781	3.32170893760462	2.65389327963281	2.14367641356568	0.301367324799524	0.869137544291805	0.782258571031503	0.157444455961415	0.710770107373604	-0.204277270898688	-0.252645629174207	0.249223237598939	-0.079134539581157
Frem3	Frem3	2.451864757	-1.165081754	-0.868957026658294	-0.844371316875578	-0.868863837162043	-0.844566310888769	0.692915113551325	0.751684325924846	2.09445952366747	-0.65946673217601	-0.000253366132195865	-0.0347018802240547	-0.615811233128458	-0.201716297235429	-0.84875007678601	-0.920487155421147	-0.575314723503043	-0.712825823794222
Lrrc10b	Lrrc10b	2.347743316	-0.848993664	-0.928480169565601	-1.11068141083187	-1.10669059049187	-1.16182617010273	1.68262646812847	1.50183970888674	-0.0621663026959263	1.48847031995607	-0.0883338032036196	-0.0315208151117226	-0.650179438343528	-0.326173979966935	-0.952186303688973	-1.04605059977416	-0.460996480780963	-0.991701428613454
Prss35	Prss35	1.907012924	-0.947360331	-0.291480483139243	-0.525633601216832	-0.524440365754382	-0.456221875604923	2.33694482909225	1.28703740963938	3.60913757824782	0.351111728667197	1.30019528304698	0.888608290662386	0.111227228197814	1.34442914127911	-0.436311472250751	-0.25006372279738	0.298717429626716	-0.220507052457151
Kctd4	Kctd4	1.847887648	-0.679406755	-0.0831609187369196	-0.631473374594814	-0.587348557759418	-0.551762704292729	2.75026751915859	1.03393012326513	2.02963727643494	1.46398956014926	1.13551807960494	1.20176707154708	1.45700605963277	1.17781954777724	0.307872688204097	0.492249063840109	0.291897994395035	0.00703759101122663
Svep1	Svep1	1.835133327	-0.709276376	-0.173145638477022	-0.621836098446953	-0.59322670444319	-0.608814150329438	3.04166766961839	1.70778658943931	1.7659843007859	2.31783093843361	0.848089443927024	1.0448648899179	0.432511545676535	0.541425993994895	-0.190899065723588	-0.321793658586792	0.40425463967103	-0.474423506994964
Piezo2	Piezo2	1.773450318	-0.589738143	0.0922890206744201	-0.270567084191344	-0.253013024151738	-0.18062236105049	2.10560983397435	0.560078892481199	2.83848752511245	1.41818392406093	1.22115135962409	0.839214560639451	0.791238850885202	1.57680807576822	0.174561932855059	0.717241007746024	0.535815339997512	0.298319235043322
Tuba8	Tuba8	1.669419465	-0.657079739	-0.0790199790261479	-0.249674704998339	-0.253076367648812	-0.245340601873065	2.43626343112163	2.15584076584139	2.27105017696268	0.862090352455262	1.17397467696105	0.955123320061156	0.801432219349785	1.32726600291691	0.0638122090701011	0.387668865829498	0.434960609846489	0.0503134795875671
Bok	Bok	1.647173466	-0.682809671	-0.750469087274431	-0.812316787330779	-0.83240615965495	-0.912186222445419	1.59311508281309	2.22323210544601	0.414016586995806	0.790859733164629	0.32567792684685	0.0825260112677768	-0.406681042602769	0.348761952385221	-0.828939945681285	-0.699773320714824	-0.33724028104409	-0.647730016101497
Calml4	Calml4	1.646394052	-1.169729213	0.582123513524026	-0.315980638420204	-0.220447411743569	-0.17493689476342	3.43613048156617	1.75775682790053	1.99348503539528	0.9242604468991	0.735888199268044	1.11432862889453	0.446957140939455	0.347498941795433	-0.275978374075418	-0.412488124658233	0.265694090356879	-0.600472828613024
Vav3	Vav3	1.642010296	-0.877642627	-0.741070252861331	-1.26737711875135	-1.2114874343032	-1.25796221406623	1.87382486555454	1.20301253844864	0.0452645604100292	1.07192210708465	-0.410768947395667	-0.232400144944593	-0.660043312170028	-0.629295935542803	-1.2670698357246	-1.31009505233619	-0.799301272524296	-1.53390717818284
Robo3	Robo3	1.580613011	-2.158459235	-0.034029382105251	0.447006315369911	0.279702607840579	0.0673366697097577	0.913300945008834	1.9210941247569	0.120807775817637	4.54619077364832	0.519546161419638	0.655966073761273	-0.110418342679804	0.193849818990977	-0.410812213726578	-0.444534095152475	-0.0392932502067042	-0.45054150222163
Nptx1	Nptx1	1.567383479	-0.650756128	0.101814565167859	-0.313820652555351	-0.287839678843859	-0.233295228644022	2.10991587357175	0.736083220007007	2.16975203128945	1.36016046009184	1.40660940123884	1.48718025218416	1.28583581683413	1.29404349017983	0.490446850021628	0.43977729986617	0.600817230037385	0.383151710276217
Rsph10b	Rsph10b	1.556348523	-0.80877525	0.514997046636604	-0.602178014063896	-0.478664782808214	-0.464373361920369	3.45429297114788	1.61251334204829	1.15808767228462	1.59594269971563	0.607430609559109	0.797618868969038	0.400994601559618	0.404065099179347	-0.366642786894552	-0.321496683871111	0.262744574353833	-0.750290848595925
Tmem54	Tmem54	1.454105325	-1.394083126	-0.642443722061189	-0.332801139841134	-0.475991793672659	-0.540811523428425	1.49041660724958	1.65200738607597	1.36981282497334	2.17755027158058	1.78417574835072	2.08097888594771	0.280213693476024	0.98817144319632	-0.68198944589013	-1.04044845546731	-0.193604605268874	-0.455199831116511
Scube2	Scube2	1.45081103	-0.863947157	-0.308953469011139	-0.238338578493448	-0.308589388051258	-0.437803629817076	2.0609611936465	2.67077506296779	0.718887475441266	2.48857139961444	1.31840128863646	1.20576320054768	0.0969630034128149	1.03047542646414	-0.520438437279625	-0.44157884799938	0.804460817503066	-0.677762654652156
Tjp3	Tjp3	1.395109171	-0.935103183	-0.0114928504002479	-0.330649054113337	-0.328744734219801	-0.289039690636621	2.39943521286674	1.66826636852951	2.21350888872919	1.115120298553	1.19824415884875	1.24352536939288	0.314508182604585	0.879735057308326	-0.431999828288518	-0.461594007983294	0.378774594143316	-0.562332181469937
Emilin2	Emilin2	1.386024941	-1.227281807	-0.885156709060651	-0.226875980751599	-0.408070973995716	-0.703522081569195	0.592202354832995	2.88844279187282	-0.437646052808452	2.17139902455701	-0.23447775022068	0.0611808384244266	-0.329110028799005	-0.520285624793812	-1.01818891167509	-1.14441701688876	-0.768837715695117	-1.27621842346419
Kcnip2	Kcnip2	1.335025645	-0.628485713	-1.37591084914206	-0.541020932881256	-0.836919113531043	-0.960236639762037	1.27512567356551	2.32075111244879	1.76253344088038	1.79698207272382	0.606549889001748	0.0777695531900054	-0.107842393128058	0.98235440359505	-1.01079411066535	-0.4894513064027	-0.648611876068121	-0.668220762532714
Wnt2	Wnt2	1.3220852	-0.967023234	0.395406492097417	0.0425449155614157	0.0860040230153697	-0.108398557128277	1.8146347467118	2.21903638767135	-0.13508887795514	3.57268860995262	0.793742130274736	1.27976673045563	0.468904847998208	0.293398186910496	-0.00201658925088096	-0.452648374622771	0.0523285322987936	-0.0418499841185841
AABR07007642.1	AABR07007642.1	1.228658312	-0.781636679	-0.293052130421432	0.222848683039064	0.0387064246898718	-0.00233720715681323	1.62161623654094	2.0935348866007	2.47679743035696	1.35406916571536	1.36815989690748	1.03833252417811	0.616823981443143	1.5139345711703	-0.175150905552725	0.152373828774517	0.410350796574546	-0.104598242863166
Arhgef25	Arhgef25	1.205692188	-0.704212534	-0.586501673860042	-0.226837464395396	-0.373456427936946	-0.498146545543333	2.0173821206598	2.64854998332156	1.56240384134163	2.10122609147642	1.33069443397303	1.27194559767732	0.356178739819747	1.06913629071443	-0.435928747358935	-0.561869457685094	0.144965060434011	-0.26812176165071
Fkbp9	Fkbp9	1.133637589	-0.644289918	-0.616177411563926	0.0579292582521039	-0.188532085798066	-0.343624114117333	1.61012964065019	1.95891403927235	1.53720172425337	3.34347158331512	0.511233781769647	0.705676623671886	0.254487605771604	0.25664341346715	-0.532221640737267	-0.660637572022043	-0.138227701660233	-0.813348749963646
Itgb4	Itgb4	1.075177064	-0.949195736	0.041729817093721	0.143969980425587	0.0346636992145743	0.224827560711514	1.1684752507185	0.0249348558698865	4.0671051799232	1.37811163746676	0.357841808398845	0.11067376733281	0.376417840740682	0.695061467925379	-0.536613086649368	-0.127716816274477	-0.530432073500393	-0.500558158009306
Dpf3	Dpf3	0.967767785	-0.643105608	-0.260511263581852	0.0118730283326207	-0.0878264067888702	-0.229837384098632	1.99645582184515	3.05656024324589	1.31019679506905	1.40275112449849	1.05946906284274	1.21076354400505	0.267218745882968	0.704685229731751	-0.46221484539117	-0.510319306253208	0.638660777869819	-0.803423329314603
Plcxd2	Plcxd2	0.942914751	-0.762274091	0.0261992792125406	0.071513984732411	0.0156951484597445	0.037861220152694	1.65523481818438	1.46616730184884	2.1205406062093	0.967755148198607	1.74764286540027	1.71503208592867	0.595840057003489	1.37766239841332	-0.00208728517502842	-0.228556999375652	0.60994287310431	0.267196320476199
Trpc6	Trpc6	0.889679128	-0.82000526	-0.0793569357831077	0.394554673925424	0.219874799161717	0.130777034521495	1.43570356462223	1.59198075115409	1.58334876897538	2.22213898628869	1.39402266373724	1.58366526106261	1.28517403451712	1.17601275667117	0.12224360422331	-0.0234806351310582	0.202541795401167	-0.0271542788744364
Aldh3b1	Aldh3b1	0.888767006	-0.681774678	-0.38192021738642	-0.0619766846898084	-0.199362711834957	-0.325618602656578	1.76064885372007	2.01432035886576	1.31989856689914	2.39501419814119	1.24885523387336	1.71486593354816	0.156335205062047	0.479902629520825	-0.496211976315259	-1.03689852137423	0.522247542816746	-0.712001979888267
Kcnh8	Kcnh8	0.886299081	-0.849065883	-0.472310824805224	-0.328490958630121	-0.398344453693081	-0.402938824072451	1.52761545783455	1.72139218250537	1.82890912043406	0.680930046404282	0.31530949927234	0.684582937512038	0.42158515824318	0.0964099662699368	-0.950473483335954	-0.847865176386856	-0.286821896031749	-1.63467035741562
Dkk3	Dkk3	0.859246966	-0.711321	0.558973985016404	0.0928983510491219	0.143169255072716	0.179534777987293	2.06478526915825	1.42633367744496	1.7675019105902	1.18351376416156	1.41500759212656	1.52861759662452	1.15030295824429	1.22152542046154	0.281555715293929	0.137024582618965	0.410414644815276	0.241223357308853
Camkk1	Camkk1	0.827987008	-0.856908733	-0.325672157790897	0.37233737587718	0.125985120031808	0.0613724630473908	1.24176604540524	1.28146782125173	1.99817076441294	2.23357656835946	1.57605166857429	1.7529536261389	1.17460608881411	1.2921275181117	-0.107788457435228	-0.245834969130667	0.195830108711022	-0.262003816650741
Meltf	Meltf	0.800654808	-0.768231919	-0.0164509728394915	0.165416098237137	0.076224589898734	0.118376702271341	1.56591277758369	1.92968427513756	2.3126733222128	0.247449514061823	1.57431127695651	0.858226083814393	0.546955915012213	2.11003145100169	-0.354834197023674	0.112404969749313	-0.0725245389198618	0.354238899229522
Medag	Medag	0.711501565	-1.222638335	-0.0880922956487401	0.264424703757932	0.161381191792766	-0.0207267934729879	1.3856191882436	2.21750196484158	0.567999401604911	1.91334123761555	1.41740165918931	2.04479435020177	1.02794740072079	0.774910954787789	-0.516764579281914	-0.982344897416123	-0.397643944197646	-0.675886018847689
Rasl10a	Rasl10a	0.677547888	-0.674512504	-0.289185854612822	0.404127989226421	0.159694617095866	0.148410571731377	0.53227858589884	0.264349960609577	1.63213172231579	2.02329337964969	1.52272846418737	1.69163334311882	1.89101082542583	1.45653868161749	0.583782307777427	0.550750909831705	0.384402203966481	0.332205491300772
Dgkh	Dgkh	0.650101376	-0.705480963	-0.957167875353002	0.0293006989515188	-0.290969255868208	-0.50729547226784	0.564702220247739	0.92340359977128	0.547299611173239	2.9721532291876	0.629202799485786	1.83130058901539	-0.121644008022811	-0.532473822092518	-0.804026011912052	-1.80894254141354	0.380091871608546	-1.59860116159918
Vgf	Vgf	-0.592605177	0.640299457	0.972418350546217	-0.554970857603481	-0.177635124157742	-0.18856414637104	-0.821629472620305	-0.85961624569167	-1.70792985614633	-1.24908564275362	-1.4167449078472	-1.37980775277669	-0.990744878932289	-1.36363008697389	0.148571669184478	0.127137394626923	-0.446356416529198	-0.110655766035255
Adcy8	Adcy8	-0.61244295	0.801146996	1.2144899550952	0.417320186795803	0.676971711718447	0.684268309449469	-0.389022533737646	-0.269747910107377	-0.851804604141359	-0.662416642949929	-0.373512806382674	-0.51574338904781	-0.186581154776852	-0.218145878145181	1.67329567679333	1.53597233226649	0.57146791956648	2.83086868015449
Fosb	Fosb	-0.654939322	0.651289293	1.65178491019892	-0.0186771117714375	0.341125244476545	0.55253382265396	-0.303410888817381	-0.746864912493445	-0.656985261903129	-0.92907534830687	-0.305511515733714	-0.214510947838572	0.5744865918869	-0.189350878855693	1.86344104494638	2.44474047432117	1.42481323360748	0.657574103366436
Hrh3	Hrh3	-0.660292801	0.772705348	-0.0744415450136343	-1.06877742840707	-0.84884616244847	-0.648973665737631	-1.47372366639997	-1.94063366811433	-1.37428536033412	-1.69925907610688	-1.22574875699352	-1.02709474837413	-0.290358850412169	-1.22827622372479	1.36641129885618	0.997399277506482	0.019185084824825	0.54530922765108
Rab3b	Rab3b	-0.71104419	0.743340648	0.893722160317137	-0.546501608136884	-0.272332350940634	0.126865413262546	-0.975315951716736	-1.79198460553439	-0.363954785607993	-1.30080563320808	-1.06112809381318	-1.32647210944075	-1.06139538944061	-0.767107570072381	-0.0398208582560631	0.605572351012995	-0.323342130083797	0.648141002198365
Dach1	Dach1	-0.717388314	1.052722009	-0.724268968232938	-0.706684084441408	-0.706153101422133	-0.694875344371322	-0.873633599175526	-0.90833938421526	-0.818980109746683	-0.785983397956486	-0.905434159092579	-0.920297572612435	-0.867627502611514	-0.874357397961799	-0.790827770062914	-0.54058579555498	-0.650922600698289	-0.918826705048009
Dleu7	Dleu7	-0.730779751	0.71636542	-0.549661372388209	0.522911823844226	0.382277491188199	0.276187040635365	-1.71676074336787	-1.29843251911858	-1.31967440324535	-1.10410070121282	-1.15370703576724	-1.54333343135885	-0.92965378833101	-0.601997483648164	0.21779366832766	1.53140864683195	-0.497879017189679	1.15456921531492
Calb2	Calb2	-0.771279107	0.884869882	0.260265180556954	-0.71194723315747	-0.523758661421963	-0.310918354564926	-1.02446437572245	-1.52519459422473	-0.825387776105432	-1.07842501979914	-1.04809220911209	-1.14577618295324	-0.526952255777345	-0.79943466723474	0.303988474845874	0.874472048159044	-0.665786965106437	0.576383046167737
Timp2	Timp2	-0.778829944	0.663309939	2.02855251223887	-0.669307303235907	-0.188093047450305	0.400311817095841	-0.875439633399928	-2.08273327472107	-0.270053530968623	-1.69906205822612	-0.782191891999108	-0.581204815995575	0.724147041425623	-0.660832761817131	2.30450629880081	2.29563564551711	0.374764360905717	1.26029291863769
Sik1	Sik1	-0.78974484	0.929888083	1.20101429232427	-0.473887963768768	-0.104680393412598	0.12590952478428	-0.977380660338136	-1.47847070543931	-1.18747731099554	-1.43186883379941	-1.57582981303215	-1.68231638059111	-1.58283754764422	-1.48839581951982	-0.149669294303792	-0.137994513626891	-0.489939228297146	0.431062912983071
LOC691995	LOC691995	-0.790749535	1.44552453	-0.266552545379531	-0.956355621074435	-0.826612479225506	-0.713454375926497	-0.958138700274543	-1.1880749704205	-0.954881177691795	-1.24028519530977	-1.08318077840522	-1.04821537372708	-0.878170687901885	-1.07635805099762	0.176156908083675	0.194707254120045	-0.0218120446558377	-0.314861422436598
AABR07052897.3	AABR07052897.3	-0.831273948	0.84398841	1.88775968245761	0.348881792726092	0.745493549110634	0.767486833173472	-0.597831036109571	-0.662283512890113	-1.3206948846575	-0.71473058010553	-1.16397277382094	-1.20869710223693	-1.71650033417109	-1.33168799618929	-0.216586176263311	-0.591988136007484	1.09875115358144	-0.0816315641676737
Nhs	Nhs	-0.852618306	0.689043741	-0.165879882847136	-0.155754327091711	-0.114935447715009	0.145051768444259	-1.08095368838894	-1.19792891243002	-0.255445108443139	-1.37992653345818	-1.1799273613803	-1.00392282296707	-0.992519890292528	-1.30155135963663	-0.278157884293764	-0.626804038299155	-0.239804268942703	-0.862326712797837
Smoc1	Smoc1	-0.893225217	0.655450338	-0.00530020009847104	0.592471094512257	0.498691151694273	0.59011361229953	-1.90719670035345	-2.05695218139606	-1.43225847588283	-0.761711642946123	-1.46214943690699	-1.61026072164541	-1.46976558192289	-1.29677754799752	-0.333378595648843	0.242695714618696	0.0820016376189354	-0.517304945856259
Slc7a3	Slc7a3	-0.909410117	0.871348048	0.712844249558628	-0.255795512280592	-0.0449573959135907	0.362362284776564	-1.28004273696615	-1.92920088668745	-0.549334653577241	-1.09059792796994	-0.954222063159916	-1.22594246710464	-1.00320028242451	-0.702043064081555	0.331079990256073	0.901376595584943	0.0205996561749472	1.11833820932469
Syt9	Syt9	-0.911888349	1.60639433	-0.453510824601589	-0.927544774440199	-0.823718687876558	-0.80461740393651	-1.07910875086503	-1.22068623189637	-1.22340164103366	-0.961116510569334	-1.21685051673875	-1.19919287565747	-0.924149566755952	-1.18487549484854	-0.125381996299634	-0.0595115518681277	-0.767160601112435	-0.469105122352169
Itpr3	Itpr3	-0.913151711	0.701459663	1.9089715905952	1.58435121348936	1.69796566627902	2.07637599261122	-0.840680356513493	-1.49814380364784	0.0529993509247916	0.118696011097616	-0.937314193460642	-1.02678751288256	-1.16102402824254	-0.962518438957652	0.212254685314581	0.158045519808057	0.680824890419299	0.271231363630892
Mmp9	Mmp9	-0.918765918	0.856652806	1.58085734434231	0.711042128403794	0.887301293660725	1.18642730890318	0.154789885432258	-0.184891261842565	0.592983315546632	-0.202850529522241	0.400159668990774	0.302231475031868	0.721087739863444	0.530420842966163	1.77086911285302	2.21538084493113	1.34874606600872	1.6276446331757
Meis1	Meis1	-0.937559824	0.831141377	-0.673888973555297	-0.627207311462663	-0.606351842337984	-0.637362985503066	-1.2192639959691	-1.214239018348	-1.27657420245274	-0.871079690500688	-1.14811857531514	-1.13515842080344	-1.28688278927499	-1.20868562818839	-0.897199204847019	-0.984761713205769	-0.390311029556281	-0.987474577527309
Fras1	Fras1	-0.937577409	1.124473878	1.39194079473084	-0.966701255348477	-0.539362527201373	-0.272100998293841	-0.874884859651729	-1.42270233881319	-1.23197659905156	-1.77257934049754	-1.08880299690494	-0.980056236180962	-0.195654312665256	-1.01674448320793	2.00624752159664	1.95588203456232	0.493253162030861	1.13322048476225
Cadps2	Cadps2	-0.948216943	0.610016993	0.26690480940798	1.49209930872422	1.21028068885588	1.10733390419735	-0.574011501584658	-0.449458506934004	-0.272116969335067	0.600624707369779	0.292312072765217	0.110019704130757	1.07707088021146	0.715631315095641	1.62113645245601	2.61619181161988	0.476157664407451	1.89828901846463
Sntb1	Sntb1	-0.970423087	0.595704153	0.905853218959256	0.575648774537084	0.760937855442059	0.816483808006209	-1.53605333857952	-1.64462049596455	-1.56557239677009	-0.930053478297658	-1.49567766570377	-1.54160485085963	-1.5200889329763	-1.45939437836478	-0.437124802519392	-0.280315684350265	-0.156976725350614	-0.622564947940273
Pcdhga1	Pcdhga1	-0.97503308	1.218555298	1.71272583315726	0.535891965039057	0.906880129231517	0.827247136984898	-0.405784282277545	-0.0886905314297063	-1.06727332728825	-0.643593402323468	-1.29984423604178	-0.980164050240712	-0.479735999955709	-1.46479219376406	1.12339288924853	0.525859186529471	0.831743771603465	-0.93366795420959
AABR07048211.1	AABR07048211.1	-1.008914732	1.043725576	-0.217321040271492	-0.403176051770732	-0.353716360053206	0.051613464901242	-1.72002134180267	-2.12570058360409	-0.569088983933559	-1.68655669992877	-1.14229758471551	-1.10156632258282	-0.0678702241079335	-0.965699054298022	1.84752257603653	2.49760111631171	0.443589788504047	0.784802883881232
RGD1311744	RGD1311744	-1.021201802	0.877881383	-0.564987738114679	-0.412638192526951	-0.429035716123654	-0.0853505781913708	-1.57729128743094	-1.82471290796316	-0.47635619923645	-1.53723039487128	-0.816776239813795	-0.90837722977649	-0.518214142416193	-0.622470454800934	0.511364076551747	1.44768639404172	0.662880496199574	-0.0615850845426718
Meis2	Meis2	-1.03965092	0.611271226	-0.323568519145312	-0.676143319894117	-0.567805925391199	-0.624397438297973	-1.02204560493219	-0.973473607835474	-1.24447048532644	-0.889546284414066	-0.915729643526013	-0.830983098973237	-0.91964780475052	-0.998161246764828	-0.576631819110011	-0.739496823321187	-0.311895951181223	-0.853261599547369
Prkg2	Prkg2	-1.045665078	0.771783825	-0.00837310086035357	-0.863605041713606	-0.669918971808652	-0.537955927483078	-1.34390807511144	-1.62525209375617	-1.39067117943926	-1.35415812551913	-0.902886203756779	-0.828681177455515	-1.19984775316711	-1.08607550666739	-0.113261065576299	-0.630799367429598	0.434751020778813	-0.0560554862453806
Myh7	Myh7	-1.047868494	0.818901536	-0.205537968410029	-0.852284820645206	-0.707281500545137	-0.685763237077139	-1.15869964145554	-1.17568390158336	-1.39825675077434	-1.30854240127439	-1.04749257726441	-1.12578768143635	-0.918655806954217	-0.906336839245683	-0.487526924309274	0.0480506256004819	-0.474464846443981	-0.595660948298269
Pafah1b3	Pafah1b3	-1.055907465	0.847763338	1.58629311927723	1.20909825517469	1.40185957955914	1.90189034920434	-1.09652799314621	-1.49713631439765	0.0278928169036365	-1.35100976191956	-1.0749884863521	-1.06853662556394	-0.443906139010383	-0.908932588793183	1.26605972678289	1.70065190349524	0.468367062684273	0.812232586641128
Atp6ap1l	Atp6ap1l	-1.060671613	1.305783029	-0.668353562010105	-0.753282766931071	-0.710382970452216	-0.753531795929682	-0.990596517547664	-0.923907070999754	-1.0892643058968	-0.923201292611754	-1.03502124593409	-1.03061871687885	-1.04005199357677	-1.03981600104446	-0.778439988652444	-0.7969570289158	-0.640423398560957	-0.859925467605784
Syndig1l	Syndig1l	-1.122687917	1.283934976	-0.679008353705545	-0.825540985461148	-0.798617394381644	-0.786309049688505	-0.832858869272413	-0.855845443370275	-0.865987131614635	-0.871400714429211	-0.86985690921163	-0.849307652530104	-0.877151899559365	-0.888051025236292	-0.792675589287987	-0.844704873052012	-0.666495991904551	-0.86098365222912
Brinp3	Brinp3	-1.126894002	0.619737748	1.01729885106004	0.457321980650976	0.683708158442898	1.00938495569942	-1.5129879837954	-1.81639272752121	-1.00104825189089	-1.49233987347532	-0.860487316706178	-0.58414119533065	-0.0864290293744835	-0.973620622844261	1.47169679393856	0.743772235675082	0.28750561064845	0.8458613873879
Ldb2	Ldb2	-1.13152804	0.585928397	1.76361677334821	-0.0164098603839222	0.31621257984949	0.700283695333014	-1.09769326418746	-1.83735433952732	-0.851214405536128	-0.393151268826447	-0.251970883358259	-0.00391387824050703	1.3616972675837	-0.154319802084442	2.35812029627973	2.44875420694441	0.663417918204895	1.01038500020992
Fign	Fign	-1.155504773	1.381953309	-0.0100274820839947	-0.896007540805265	-0.742296366398956	-0.698350227632982	-1.07590213305191	-1.30288516723689	-1.25941152329344	-0.914565460382114	-1.11189541867425	-1.17813532754604	-1.18328877952879	-1.06527081972166	-0.552598324155174	-0.291165197510281	-0.202588955533185	-0.50636898506699
Ifnlr1	Ifnlr1	-1.172559514	0.593234474	2.72273643766316	-0.146480946836558	0.399562046961127	0.876806851770658	-1.37492474486121	-2.33887829304445	-1.37166108563401	-1.23791013912973	-0.809228573925553	-0.521513443202646	-0.560829122334386	-1.03981604889	1.14893214010508	0.217217248414366	0.829480431151639	0.665063459145163
Arhgap6	Arhgap6	-1.176623535	1.363870877	0.138451712849463	-0.951684002657593	-0.763724607579478	-0.584265120785225	-0.985328074860992	-1.23887484278698	-0.962925788443143	-1.36352977223561	-0.965783870977117	-1.00454895435371	-1.15706994556791	-1.00339476952867	-0.308940547434628	-0.396232210349535	0.378930605598103	-0.222784748438741
Cartpt	Cartpt	-1.177219157	1.81945483	-0.628821745503991	-0.440824476827385	-0.473465685411652	-0.501926157651194	-0.73919760494664	-0.625367548175524	-0.727876671162781	-0.712854065319965	-0.624775206236682	-0.703924597503354	-0.700227302792381	-0.555662632945654	-0.340653491256312	-0.166484170868934	-0.372778541976503	0.410259364179856
Lypd1	Lypd1	-1.183372311	0.931514637	0.570552320252413	-0.997977667118148	-0.768162727624015	-0.424161232816341	-1.07377248708106	-1.53821398767935	-0.669350048394221	-1.44415937263879	-1.03408907903648	-1.023750821636	-0.920860103044013	-1.01739854170757	-0.262496065285301	-0.115367479181925	-0.117775861229184	-0.627059511576251
Adra2a	Adra2a	-1.185246102	0.857496762	1.10042218169597	0.112719261043936	0.340770987998699	0.806397232497501	-0.800494489026658	-1.24533145069234	0.041473363941367	-1.12099184504969	-0.121366596720963	0.106939203031346	1.1354693364742	-0.116506378354029	2.89503330946591	2.2788453763484	0.780530723515987	2.10685213411688
Itih3	Itih3	-1.193136709	0.87237694	0.209849731654296	0.0202243515138734	0.174541749459378	0.216564888760527	-1.50385827647751	-1.41821668292381	-1.52468747419882	-1.42209302803478	-1.40823431127567	-1.5031058915288	-1.50082943777977	-1.3457216865705	-0.524666391483177	-0.3044334912914	-0.226362994126744	-0.482953925419406
Grin3a	Grin3a	-1.20403449	0.646405647	0.84432810185605	-0.28028555406443	0.00418260083631317	0.339126956726881	-1.54076589608068	-2.00636820477079	-1.21265852171606	-1.47720473132695	-0.677147294378271	-0.765729412818097	0.359686400524682	-0.320847812003967	1.29348576817796	2.20286085150639	-0.0233615566555835	1.01324334601869
Gpr52	Gpr52	-1.220165104	0.743594059	-0.5609826832047	-0.707988644981337	-0.659818290652742	-0.642437345353795	-1.06420193129878	-1.1137459949723	-1.08750106410287	-0.940806070480148	-0.964384133482612	-0.950156318144603	-0.950564299940594	-0.979214709259219	-0.67373666082487	-0.705685210751343	-0.624691949050559	-0.768295302889872
Adra1b	Adra1b	-1.265020724	0.627373032	-0.137554958367677	1.34457229268984	0.956276375650035	0.909420836521675	-0.86392106865014	-0.80133566888763	-0.426014515179424	0.175039022849499	-0.744457681752205	-0.814488100152104	-0.94847583605002	-0.734263965486935	-0.611507411323078	-0.603959627212546	-0.324400823055824	-0.410353008345202
Osbpl10	Osbpl10	-1.272704172	0.748069744	1.56361550990742	1.09931201828382	1.41660327060068	1.00264808744821	-1.78677838486731	-1.56355326811419	-2.48996127606398	-0.0488591549264782	-0.827169651621992	-0.626914886704113	-0.500085153097807	-0.974079160468195	1.50755129126215	0.81417809587804	1.03832115990919	1.02180203973293
Drd1	Drd1	-1.27358608	0.82557129	-0.552964616960923	-0.73071088126395	-0.693970646233225	-0.675245866798847	-0.78368398670378	-0.819441315628674	-0.808614931136723	-0.807846611934936	-0.797395710771374	-0.76265415233444	-0.803945777890712	-0.82798357452262	-0.692428816610631	-0.780994205432846	-0.610854822265804	-0.771456598905019
Parm1	Parm1	-1.348316159	0.709990275	2.20816526993249	0.538024435159099	0.95122086348882	1.40946470205252	-0.995792887582786	-1.51554938891899	-0.637202689899611	-1.1581381574622	-0.413869706694164	-0.750597933402397	-0.0671785503073914	0.0922035030699502	0.93878072614801	2.00185920979136	-0.0198149540921581	1.97637983867253
Togaram2	Togaram2	-1.391361332	1.03909087	-0.236020231388334	-1.04748682356451	-0.911542056467606	-0.845411471638774	-1.18030901770998	-1.35937333886224	-1.31574835693778	-1.16185062839494	-0.915871974613166	-0.83192562653927	-1.15774247095854	-1.08490610739608	-0.48360110603477	-0.91485182080543	0.114585870782408	-0.441818342107219
Efnb2	Efnb2	-1.416115805	0.731379162	-0.086034792052027	0.0842315428338591	0.102978758861184	0.264571293037396	-1.33997797228018	-1.44997297933942	-0.99105910375779	-1.06945931772588	-0.858388247382983	-0.848926975537369	-0.398102632790894	-0.768275167395512	0.327267976427904	0.376541595759349	-0.468846644058182	0.300983356869751
Kcnt1	Kcnt1	-1.423073348	0.65330094	-0.461794114306079	-0.0969213920344768	-0.118760778029769	-0.14103367657747	-1.42995192419394	-1.40253249511537	-1.36556163886065	-0.973891339753894	-1.09840884499366	-1.12521031311343	-1.17429883835401	-1.10260660144037	-0.703866780894348	-0.688664679877846	-0.503471665926706	-0.723223818804912
Tox	Tox	-1.42955998	0.640636617	1.89419457848669	1.07463768546452	1.34521390026852	1.52663878519216	-1.42127428681173	-1.81456015716312	-1.37667154238825	-0.25873552313478	-0.837722799852273	-0.865410456094965	-0.220639613583138	-0.644065152927795	0.667336893862502	1.3445026116523	0.232283687997532	0.0401257926325391
Camk2d	Camk2d	-1.43170115	0.948948263	0.614965407878537	-0.428867496933249	-0.140909935360523	0.0605501753459242	-1.66272298562095	-1.91553612532435	-1.6498600135433	-1.58638244691969	-0.942126014316957	-1.01342457791714	-1.096522941586	-0.944025757153598	0.504169506347925	0.400187348899239	0.742664612928846	0.739815493807097
Grm8	Grm8	-1.464816947	0.729357703	1.92789525931767	0.359026071892938	0.696420356582336	1.04081418605394	-1.61758897514721	-2.19193192602181	-1.48806927043879	-0.132389280963771	-0.803801613701575	-0.309999045496445	-0.979125952681021	-1.28900452283682	0.789829278529127	-0.60606839030197	1.67019882453269	-0.0974968479167277
Gucy1a1	Gucy1a1	-1.470196537	0.651754491	-0.729285118642822	-0.302711975509321	-0.35345246486142	-0.408870774416772	-1.14602170866638	-0.946872643243346	-1.11043431197359	-1.07533010080878	-0.945590357881308	-0.965463526776013	-1.12682751600807	-0.994328478639575	-0.871601668729077	-0.929077624599774	-0.470130581052691	-0.833475946777048
Cited1	Cited1	-1.525141157	0.893822811	0.331076259558233	0.248258317700606	0.331841866105812	0.722205802552562	-1.56987843814661	-1.80220104565832	-0.849811043831577	-1.57938786350952	-1.34315506903772	-1.55867893446676	-1.01187557596818	-0.98846075679792	-0.338100811719809	0.554207022229834	-0.945530029898492	0.0888805741930261
Scarf2	Scarf2	-1.525855269	0.61525995	2.35303834208573	0.090859156867334	0.550321420070822	1.0714733976367	-1.10215864157099	-1.67990381950218	-0.825283909921706	-1.31559135024521	-1.2436183638244	-1.0853343903403	-1.28536853008224	-1.39802554915674	-0.558291544833786	-0.842910211228226	0.0689868414129479	-1.08471387576212
Baiap3	Baiap3	-1.554174085	1.646521563	-0.241859322015786	-0.637865887058338	-0.520617556921595	-0.370026686591798	-1.20989539890179	-1.31269674968586	-1.06892195099608	-1.27510786253001	-1.11972099897375	-1.09051864174505	-1.11424146955147	-1.15241752766043	-0.10407991398515	-0.109826832076558	0.600375071958318	-0.61859604158309
Tac1	Tac1	-1.579500052	0.927478976	-0.4879571690534	-0.741331042598185	-0.678733592354382	-0.683668497256739	-0.858338241416325	-0.841643727313103	-0.93150459843669	-0.889623069438849	-0.861966591914738	-0.86972515857935	-0.843280317989459	-0.848806146272923	-0.737705865199213	-0.693179968067706	-0.746257730008404	-0.754133345178783
Crhr2	Crhr2	-1.626238196	1.904922222	1.39168253729188	0.309559242128897	0.612599921342629	0.967056365220192	-0.823567728117355	-1.0580639680673	-0.520598523430297	-1.01152774682767	-1.25010517058828	-1.30101743831077	-1.12494607425447	-1.14510418718139	0.0489849058305234	0.54095899552264	-0.406511105767714	0.0799552009920517
Prph	Prph	-1.631219802	0.907013957	2.70063445550575	-0.556245583456952	-0.0355700986315816	0.328815598904799	-1.28882517529118	-1.9536243570853	-1.43614686540121	-0.785541669373482	-1.08004873825155	-0.974489608259763	-0.620270625543449	-1.04150356974365	0.618743879689576	0.541201571472726	0.00288883537638263	0.0339775657527851
Crhr1	Crhr1	-1.677486848	0.724548458	0.543778267001367	1.88730370641232	1.68347442252076	2.01112952240921	-1.68651874256627	-1.71877256219381	-0.836572388658317	-1.15232180992466	-0.775892522030118	-0.944699689471649	-1.26310581631324	-0.744116933838732	-0.118553050872857	0.0243591893860015	0.928628712535221	0.112704127306116
Klhdc8a	Klhdc8a	-1.750326593	0.893258639	0.811701982687481	-0.940749489065213	-0.665573166933547	-0.477147381359843	-1.13640709671492	-1.43383210522395	-1.26921896260622	-1.30745028336505	-1.2086423970372	-1.07015016369904	-1.01142163801781	-1.28572019176242	-0.388825198028751	-0.81138863676725	-0.691928511437595	-0.766955751867837
Il1rapl2	Il1rapl2	-1.755774977	0.719628508	1.13341443038398	1.12832822820804	1.33202878781038	1.48097211733155	-1.7840185992138	-1.81250507455112	-1.58377347319623	-1.36391787192479	-1.01139389146598	-1.16759121605887	-1.30814608706455	-0.907314941288074	-0.353139143196189	0.288369008647133	1.00460232073985	-0.740046350246307
Klf5	Klf5	-1.765299228	0.798282475	0.453077162747474	0.784486202467913	0.80266612455963	1.25144259433599	-1.58244215585036	-1.77916976548528	-0.812171371556284	-1.29678571981272	-0.99069145528149	-1.16406201933132	-1.09750616627725	-0.830240175579476	-0.323098221967859	0.212583161470724	0.000438175353847815	-0.228758302790436
Tpbg	Tpbg	-1.773260401	1.252414966	2.0968201014171	-0.316816785566968	0.127582313997411	0.488031699150051	-1.31131059055534	-1.79351478819525	-1.34248655223713	-1.11778903093042	-0.947105893263977	-0.938408793357998	-0.186906101665254	-0.782626175632085	1.7401391859752	2.18251781606574	0.325139299658941	1.29084553029726
AABR07068587.1	AABR07068587.1	-1.870216799	0.843310068	0.299506969607131	2.06447245951905	1.83829760090596	1.4109480527899	-1.747840611447	-1.45731503237448	-1.84071155974046	-0.272664649639393	-1.19920980647937	-1.50301837990291	-1.32669060583422	-0.779122261227462	-0.737471890020207	0.332663448465592	-0.740431578664899	-0.0358603777490073
Sema3a	Sema3a	-1.884831102	1.344100991	-0.107463362762426	0.693391011379812	0.535992197709565	0.631106366438143	-1.18525842496971	-1.25981660851541	-0.915307706406861	-0.443036567551128	-0.663918194729162	-0.753213304698039	-0.993102213705245	-0.692808759367525	-0.108735624113468	0.0456501989702933	1.52278082341515	-0.190115095140062
Tshz2	Tshz2	-1.950879021	0.844736107	3.10418628983814	0.441769692146147	0.911039007425412	1.94247329338567	-0.949808217109396	-1.44895497556535	0.12023850717534	-1.06386891041919	-0.745332580584096	-0.585145667472568	-0.484340353866538	-0.838621303583212	0.38382631864779	0.117047880714329	0.454577006619243	-0.386421731072506
Rgs4	Rgs4	-1.997651645	1.012332101	1.32579723623979	0.521304659349748	0.854881727609516	1.01058810643012	-1.77804274949237	-1.91797592707726	-1.79694718717173	-1.32683512361669	-1.23466685916887	-1.27613821225774	-1.19153380687631	-1.20197937638102	0.201162696344177	0.165069237932732	0.0450402370209784	0.327408681690849
Kcnf1	Kcnf1	-2.00541736	1.038833782	2.13042669829558	-0.37009789362418	0.0473400214909248	0.822027374823421	-1.866950330469	-2.33344757957866	-1.31704321522228	-1.29888849877992	-1.2176293750271	-1.05260466414943	-0.283385000329827	-1.19052311494696	1.3969138787136	1.21800787202251	0.0150487901363241	0.315499385632205
Pappa2	Pappa2	-2.090454545	1.288381658	3.78469846356574	-0.391181124379581	-0.0423972386310802	0.225996137173568	-0.194102173501118	-0.756027151807341	-0.484837480521403	-0.412778122333946	-0.163319214971183	-0.028078347425622	0.407720963815317	-0.182085760547558	1.89166140791959	1.22267153150903	0.487276551043672	1.61462026819682
Tmem91	Tmem91	-2.149318498	0.757242309	0.143538145953442	-0.850494816305761	-0.662733515719768	-0.537775415140825	-1.22921407951912	-1.36271367091802	-1.28140201083287	-1.22480207973125	-1.10621384635259	-1.00531833510884	-1.05672793497129	-1.18179715846356	-0.675004700269513	-0.927229585147922	-0.604276672488957	-0.952456860538329
Slc6a5	Slc6a5	-2.162925154	1.741711286	2.97190621778179	-0.832829955040349	-0.457837276338972	0.353202121148405	-1.16897722021411	-1.64628700754201	-0.382316872283699	-1.44452627562142	-1.17471641864064	-1.1969986890384	-0.725571178727187	-1.02385188631832	0.679175708248706	1.39432368841425	-0.253117462046406	0.297786057564876
Ntsr1	Ntsr1	-2.243973966	1.130739469	1.21004317464842	-0.633055188271951	-0.312932971728657	0.0383834494313798	-1.01991525597341	-1.26750610095998	-0.876769784451536	-1.2353887407907	-0.918730534150732	-0.798646292667236	-0.415033280423773	-0.931743954600661	0.362443227261267	0.280535446471048	-0.108364325448307	-0.545928243778548
Efna5	Efna5	-2.245643261	0.708383158	0.852752850164225	2.68201623179867	2.49836609660071	2.15621743575101	-1.33734402237409	-1.06539461366906	-1.3365719008806	-0.419380948071981	-0.988126089844467	-1.16087472965356	-0.930455149520308	-0.780767009665996	-0.548976970909683	-0.014444489650345	-0.737018338537654	-0.22931985910175
Dlk1	Dlk1	-2.369427919	2.080685514	-0.582730500651068	-0.687610238005575	-0.649791447838354	-0.523911933127859	-0.948098369563102	-0.977761375958862	-0.790341069549684	-0.970995954545049	-0.837575836727868	-0.841033565984232	-0.918124552401077	-0.856513703951088	-0.626791990760593	-0.569995416883401	0.450607140568598	-0.783691321788085
Klhl1	Klhl1	-2.436354575	1.392223069	-0.0597296777608597	-0.141185245505659	-0.0594096987186977	-0.101799630121192	-1.05994428118219	-1.01753676214759	-1.14027787033952	-0.862740044699891	-0.942424580741423	-0.93567208137442	-0.939312360188633	-0.911054575539247	-0.484365189047781	-0.384219005036318	-0.295120863429395	-0.543633148107679
Gli1	Gli1	-2.498037168	0.9496088	1.29570486131747	-0.236846021476403	0.122765742169225	0.526245086947626	-1.35542510735066	-1.53232785124093	-1.20082300780375	-1.41057326928017	-1.20797229917615	-1.29827682334281	-1.12486488151783	-1.09933579723978	-0.722739842136218	-0.3440378833206	-0.853963556599978	-0.59091612785215
Tacr3	Tacr3	-2.505165463	1.015029918	2.8841341865549	0.411009984417409	0.889123749796772	1.2637567359433	-0.952972199208097	-1.2375330932427	-0.971423447417416	-0.542403884962873	-0.259518667064089	-0.405635162011588	0.326113407120228	0.0777035951373773	1.23020863739149	2.52236566358679	0.426400215738657	1.16051458182771
Ecel1	Ecel1	-2.608732655	2.397971201	-0.466579367198446	-0.854040574858734	-0.78925301290327	-0.75962169874888	-0.933161961475555	-0.958679113572362	-0.963373687794067	-0.957384796611142	-0.931751789651736	-0.925766452452524	-0.933172406020083	-0.93766370738814	-0.683599424844213	-0.681165349749335	-0.387496650869374	-0.832227466394802
Vwc2l	Vwc2l	-2.610530812	1.013799489	2.6576413390915	-0.174613861670197	0.31263863270091	0.830713504988792	-1.31409916046792	-1.62401863925104	-1.23539743748456	-1.1843147588245	-1.01122535954916	-0.874198341086129	-1.09997735836394	-1.18155972964757	-0.137314503628819	-0.73993118792035	0.194629230836356	-0.397138652163515
