logFC	logCPM	PValue	FDR	Bo_14_5b	Bo_15_5b	Bo_20_5b	Bo_21_5b	Bo_22_5b	Bo_23_5b	Bo_24_5b	Bo_25_5b
Cep295nl	-1.58159268869921	1.15145062685648	6.64374723072192e-10	5.86535723259347e-08	1.17811574883081	1.27302214472938	2.99054653916627	2.37988624582835	0.770210315233109	0.945931183833347	4.40168788304246	2.7721276708802
Timp2	-0.663309939350643	7.74680659825687	2.22320079855644e-07	9.44791295883426e-06	144.308963596281	151.492589674517	301.958918266743	294.037913475328	219.206254225092	149.663710651255	211.089436182461	245.650503996105
Baiap3	-1.64652156267301	4.39217256561086	3.38152918198732e-20	2.10331115119611e-17	10.3232675690127	11.1843587701889	30.4655298478165	31.6219022231341	9.65646212925934	9.33146825635295	44.8021660041177	19.901580877189
Adra1b	-0.62737303169279	1.92751642381881	0.00037699305428062	0.00463501613187422	3.2570948882186	2.90353736627581	3.84822658083461	3.91861197276991	2.17030934290911	3.18396120872282	5.13839809554653	4.90616563246182
Sparc	-0.716341952376374	8.68310033659023	2.6005985205312e-21	1.87297842920784e-18	303.24490162512	322.649587027603	539.116388961098	514.974344893273	330.186301829878	287.711242412614	553.021269753644	436.629078944579
Fgf11	-0.709390814616285	4.93869078551581	1.40067908482146e-08	8.32377473464644e-07	20.7819746710214	20.4046699125727	41.2695160822147	42.1833101922036	29.0325021262824	22.4618460931518	29.2003543042731	38.9227111549124
Fgf11.1	-0.709390814616285	4.93869078551581	1.40067908482146e-08	8.32377473464644e-07	20.7819746710214	20.4046699125727	41.2695160822147	42.1833101922036	29.0325021262824	22.4618460931518	29.2003543042731	38.9227111549124
Gltpd2	-0.811415465385338	1.97875839772848	1.68373484251068e-06	5.22454140247532e-05	2.84070741390669	2.62135850042218	4.6986615536653	4.47802985640289	2.65906263204043	2.9114366234803	4.21583999578253	5.97829466063335
LOC691995	-1.44552453004818	6.0890053845982	1.00980602461554e-37	3.45454641020976e-34	33.0446558128151	34.8471340450349	109.590253959702	111.722601949789	44.9153921214022	33.2118158128984	97.0394397904385	79.4248845863828
Myo1c	-0.602372875688496	4.10346067685505	1.52928570726337e-08	8.90499813540081e-07	14.4118049031863	13.3856729178945	18.5136748081426	20.8478213779577	11.6870273771379	14.6924987866294	23.9035372997254	19.0449287699931
Crhr1	-0.724548458444435	1.97666020398121	1.00366408689643e-05	0.000234370978926462	3.11824179520694	2.83308167703696	4.20345676966964	4.68741076569013	2.37984574537885	3.11566397563709	5.499907016198	4.56309879198106
Dbp	-0.869408738503453	6.79256635380523	4.1428074120857e-25	4.04929833049862e-22	81.8231319184454	81.0142060482473	136.513681225608	140.27009673261	71.4416189554874	79.10588376065	169.286557133363	126.571557680982
Dbp.1	-0.869408738503453	6.79256635380523	4.1428074120857e-25	4.04929833049862e-22	81.8231319184454	81.0142060482473	136.513681225608	140.27009673261	71.4416189554874	79.10588376065	169.286557133363	126.571557680982
Dbp.2	-0.869408738503453	6.79256635380523	4.1428074120857e-25	4.04929833049862e-22	81.8231319184454	81.0142060482473	136.513681225608	140.27009673261	71.4416189554874	79.10588376065	169.286557133363	126.571557680982
Nr2f2	-0.857649127529906	5.6032744008691	2.15182308085494e-08	1.20678471468931e-06	29.1633263825704	29.2608870935916	70.159527878738	75.2017385120092	47.2910984710325	32.2004312367689	47.0500165822028	57.5564241663594
Fstl1	-0.638779917215262	5.27281410753064	9.71685635054856e-09	6.09933313306911e-07	27.8491787990885	32.2879848798536	55.9175807166113	42.3978914849453	35.6107795306679	24.8101346921475	43.023606478468	46.3911791999171
Fstl1.1	-0.638779917215262	5.27281410753064	9.71685635054856e-09	6.09933313306911e-07	27.8491787990885	32.2879848798536	55.9175807166113	42.3978914849453	35.6107795306679	24.8101346921475	43.023606478468	46.3911791999171
Syt9	-1.60639433028864	2.40712645450676	1.32914720677078e-12	2.39316452334886e-10	2.007908061831	2.12754607436404	9.38333388942926	9.37243409073123	3.91566208413312	2.16056184302101	5.5397436546625	6.86795154636024
Vgf	-0.640299457003525	5.56840214564389	9.10307924433648e-15	2.76814525287779e-12	34.9163344660323	35.0601795200342	61.3420036015013	60.8637504359961	42.118746845039	35.8595479483636	51.3702188674037	57.0468471060793
Hspb1	-0.854895429659261	2.17028014477241	1.65611372840181e-08	9.56213513056978e-07	3.32599561425858	3.11608736972285	5.19889063705186	5.2475738327198	2.65965461257465	3.31813066104446	6.15666276440728	5.89499157057666
Crybb1	-1.39623387453766	0.244057988467103	9.09550203091927e-06	0.000217212652340487	0.623639167964216	0.636961297478834	1.42447511938853	1.2597774394775	0.489980608693355	0.540743540660339	2.09236098504284	1.31887533781215
Crybb1.1	-1.39623387453766	0.244057988467103	9.09550203091927e-06	0.000217212652340487	0.623639167964216	0.636961297478834	1.42447511938853	1.2597774394775	0.489980608693355	0.540743540660339	2.09236098504284	1.31887533781215
Acta2	-0.846678835310333	1.76125844445683	0.000173892528311154	0.00247869308063524	2.49451471308469	2.89949720387641	4.12851506477234	3.35937937882444	1.88999487433048	2.02624776205433	5.98942169424578	3.29212372145143
Ust	-0.640259885880004	3.96758501114071	3.49003174249011e-07	1.39642088784312e-05	11.4997954590028	9.99485142969504	17.9397884156811	22.8731887031798	13.3628026236463	13.6130798961292	15.7640243128171	18.9954096029128
Nfkb2	-0.641231014950507	1.83204226240669	0.000214839189670293	0.00294575097339507	2.84091382681467	2.90208717521275	4.05786379783187	3.42922342462277	2.30967745480259	2.63848611014933	4.49150023687901	4.7094507971779
Nfkb2.1	-0.641231014950507	1.83204226240669	0.000214839189670293	0.00294575097339507	2.84091382681467	2.90208717521275	4.05786379783187	3.42922342462277	2.30967745480259	2.63848611014933	4.49150023687901	4.7094507971779
Adra2a	-0.857496761668069	4.3094711519986	1.41916841361938e-07	6.38812518814722e-06	11.7748126074772	13.1053968997085	31.0792078975307	26.0945191396796	19.445364473198	11.6900836737647	18.7570365696439	25.6147446750877
LOC304725	-0.863801064835153	2.55997776270372	0.000107681862348862	0.00167826720316836	4.36530077627374	4.60007993763003	6.69537198169026	7.20619866311359	3.49949867554491	3.92266526465278	11.3302222567282	4.58886208724375
Bcl2	-0.706078906990312	2.48362412354328	8.6381080427003e-06	0.000207739666882796	3.87917010820452	3.82637149031093	6.83212396157404	8.18325080008463	4.75693548832435	4.12737871421137	6.81654140888563	5.26966868284706
Lypd1	-0.93151463742105	5.33664879518635	2.19716289925576e-18	1.15638373513138e-15	26.94981095036	27.4787535575174	53.1645859015096	58.483904875302	29.5959050828306	26.8599683869224	59.7269526232375	40.1740206894342
Klhdc8a	-0.893258638927543	2.75761307718692	1.27004614493027e-07	5.77385762366304e-06	4.22530011066722	5.30729916100562	10.8029845467406	7.41730327548097	5.59600304420634	3.43848347645222	8.55850233740446	7.72933743773412
Brinp3	-0.619737748022241	4.88912984856669	4.33049766694036e-09	3.07039015929596e-07	21.4060683908039	23.4407764655557	41.1202854693228	34.7706596185895	27.8441475595767	20.352367173022	31.2823108194515	35.8054166186287
Rxrg	-0.79047292245963	3.90399774401253	2.33552725147378e-08	1.28350822928383e-06	9.42003845017904	10.1307103809452	21.7644938315286	20.9859692536391	14.3393864551588	9.59851372496604	15.9071844114224	16.5879809869963
Rgs4	-1.01233210086105	7.02948007322295	2.493848961137e-63	3.41258291841987e-59	86.394163888288	82.5095352756946	174.655063946893	175.459212110588	88.3015339845068	88.8532545578301	163.841579326053	184.140955005236
Meis1	-0.83114137726603	2.34302954456657	0.000130359256199675	0.00196241590961095	3.94990958518884	4.24461388926647	5.69840439179114	5.24852158525803	2.66036140136865	3.38122316801851	9.4533896675723	4.94019310178226
Parm1	-0.709990275466459	5.68990250228475	1.13889117305403e-06	3.74629490674791e-05	36.9948513909301	30.4001049368029	59.2950968475317	74.6429618993214	42.8893276273872	45.9062951814674	45.3190723557314	76.3021179246631
Fgfrl1	-0.600119447171805	3.74614597528928	3.2847101655699e-06	9.26762348570279e-05	10.5307349338898	12.4550886146311	17.8546232037595	13.3648993239173	10.5654791486419	8.71417598382977	18.3252714593873	14.5428151134429
Fgfrl1.1	-0.600119447171805	3.74614597528928	3.2847101655699e-06	9.26762348570279e-05	10.5307349338898	12.4550886146311	17.8546232037595	13.3648993239173	10.5654791486419	8.71417598382977	18.3252714593873	14.5428151134429
Ldb2	-0.585928396914332	5.64595069584685	0.000293992711324403	0.00381326659882761	33.0424142612663	35.5608741976287	70.7925869977034	70.8648149864028	56.6655131386612	34.4904322587781	47.2595288017764	50.9181800945646
Sh3tc1	-0.758369231323416	1.81847536645634	9.69841183076604e-06	0.000229210824684288	2.42461000491652	2.76033215877453	4.83496607924232	3.77862257001343	2.72845895595646	2.1609607279596	4.35014768499483	4.0999055831961
Fam107a	-0.634377925588651	9.28097151275696	3.58052604598999e-27	4.08299320111059e-24	486.010783619502	502.602702075225	780.320471893159	742.624520124458	495.176795783453	465.752535033987	802.064654134603	701.45383540104
Dleu7	-0.716365419856683	2.30228758243994	7.86137858650427e-05	0.001282182414514	3.46369611428632	2.83783004270344	5.41329282504856	7.13415301910273	3.84798383128027	4.3390845361191	4.51632763531783	6.76499534679728
Siah3	-0.853707965080275	1.5321590801247	1.29275875553163e-05	0.000292398525796609	1.87035314230709	2.05319476110212	3.84085318647254	3.70763022961589	2.16869299627675	1.75666202786593	3.98175190081793	2.69669232381262
Siah3.1	-0.853707965080275	1.5321590801247	1.29275875553163e-05	0.000292398525796609	1.87035314230709	2.05319476110212	3.84085318647254	3.70763022961589	2.16869299627675	1.75666202786593	3.98175190081793	2.69669232381262
Klhl1	-1.39222306938084	0.122160624670184	1.14284616591228e-05	0.000261954890022505	0.554311093233544	0.496025204027342	1.28215927047553	1.53883468210316	0.489877747516218	0.54146919865257	1.5205636505286	1.18665502404849
Klf5	-0.79828247502364	3.1956274775459	2.04776512212177e-10	2.12284984326623e-08	6.78995188384657	5.95247816529721	10.1851704589188	12.9408466026752	6.0881458169082	7.52042523959459	12.2473685651811	10.5096167686509
Itih3	-0.872376939860954	7.29389830136341	1.16807765524983e-36	3.19679492688772e-33	114.80098875302	107.36573808298	189.539422656511	209.319028643801	102.787832614478	118.161197855308	220.72951278234	191.781432718622
Tmem255b	-0.654590105125438	2.44758481415187	1.59334118606649e-05	0.000347185999842896	4.01806121836147	4.60032072901867	7.11273528640219	6.08712942741998	4.33781243665056	3.580219462598	7.45635052322232	5.40819437321159
Tmem255b.1	-0.654590105125438	2.44758481415187	1.59334118606649e-05	0.000347185999842896	4.01806121836147	4.60032072901867	7.11273528640219	6.08712942741998	4.33781243665056	3.580219462598	7.45635052322232	5.40819437321159
Efnb2	-0.73137916193412	5.74257841632346	4.56828271209855e-09	3.16891010988536e-07	36.0234713079511	35.3492609785388	72.7967579377395	72.5461876634641	50.2324574095408	38.9723912426726	49.7354712063702	71.5662223195051
Drd1	-0.825571289682275	3.40896926611502	0.000601505217329596	0.00668643167663541	7.69044184050536	10.6761802339199	15.0082399181053	9.1690663359597	6.71832997071152	5.25735834854618	20.2294220138059	9.34781906304885
Id4	-0.615986766161172	5.18209042702654	8.64339986558526e-12	1.23204462250697e-09	27.9892261468373	28.3991969891713	44.12559207915	47.2910510093307	29.946151309395	27.9438705924093	47.9154754242224	35.8897661897873
Foxc1	-0.756661471714001	2.06220829438496	8.24426816593536e-06	0.000201095482322031	3.1873563196996	2.62292886392061	4.41787549149693	5.10704951094473	2.58962961613779	3.59354429868374	4.71940929294415	6.0409229577944
Ccdc8	-0.718652635684157	2.2127811403421	1.75880383796532e-05	0.000377233099039457	3.39475463522638	3.39944774147847	5.55186562781043	6.15563991112931	3.49835211422594	3.31457348286974	6.58487460265958	4.1440791496999
Dok3	-1.20217201864479	0.459641498206909	0.000183289596066215	0.00258038563021613	0.9705252132828	0.708580606188158	1.14406082782248	1.26012735009286	0.350578911354098	0.950087875971298	2.23880765984838	2.26253270605292
Gipr	-1.20148934591031	1.86136436735479	4.76837541688966e-11	5.77437603581576e-09	2.00887587153528	2.3355582528159	5.47546780451799	4.75748404684965	2.37850315106114	1.75479054773774	5.4308293133407	3.88646802314559
Fosb	-0.651289292581272	3.25173187907901	3.87903853180462e-06	0.000106587878050631	6.64981770150869	6.8014960868789	12.166290736943	13.5697308327332	8.81400814392277	6.96644164765067	11.1718885529359	9.03386509994698
Fosb.1	-0.651289292581272	3.25173187907901	3.87903853180462e-06	0.000106587878050631	6.64981770150869	6.8014960868789	12.166290736943	13.5697308327332	8.81400814392277	6.96644164765067	11.1718885529359	9.03386509994698
Pafah1b3	-0.847763337605238	2.38296733712506	1.0717064455715e-08	6.49035720140517e-07	3.39426007974461	3.3305308202117	6.90103603396865	7.34462184814837	4.19721366440934	3.58578358546462	5.88335346443675	6.01346241574202
Grp	-0.940379950282429	2.45501482166649	1.00057103046636e-10	1.11315560820339e-08	3.53305162370586	3.26036736415976	7.04602900311765	7.62480914899293	3.98774124820156	3.85923042137632	5.96116721154765	7.48618694378988
Tubb6	-1.07230688275415	0.835949183418078	1.55428317358071e-05	0.000340846329283307	0.969685272567664	1.20290782606376	2.77068736096868	1.88954873578487	1.2590712007025	0.808652108902168	2.10560920608785	2.1825918604698
RF00283	-1.19943673733348	0.394697039570046	0.000123801839249725	0.00188653047694124	0.76220096868185	0.49739262822367	1.14336508472162	2.23756906433368	0.560081265428516	1.01932557552711	1.88136708789232	1.31624096712911
Nmbr	-1.3203702167325	0.565278305773464	1.26886823578162e-06	4.08295573897805e-05	0.692601735429754	0.638411750083987	1.99225029746167	2.0286598410236	0.909328659704532	0.812528249138317	1.45849693897337	2.18990166894405
Ednra	-0.866693718159222	2.49228244655286	3.10719971769892e-10	3.01552630758809e-08	3.74086013630529	3.75438707061245	7.32911214941834	7.69475915316509	4.26753484621007	3.78813889510475	7.03559968675883	6.3407598861993
Lcat	-0.626242097009285	2.82168272366083	4.6167603555407e-07	1.76468571802288e-05	5.33442404478609	5.66437522844565	9.10536306559793	7.76641639002963	5.80696509938109	5.00267165081791	7.98306183019214	8.80839044764415
Calb2	-0.884869881537121	3.69870569280252	6.87955594482398e-08	3.3501723682908e-06	8.03499205668264	7.16190831477312	17.0084916399699	19.7256702975908	11.2620946745493	9.61406229744853	11.5042510039341	18.4193822050298
Crispld2	-0.918430778964004	2.33067554875715	1.93346948691546e-08	1.1023998524563e-06	3.74199600079712	3.54002610853687	5.91099073992823	5.31849759354131	2.72995450016559	3.52019472664502	6.73997066297275	7.6329058974168
Cyba	-0.688364395815514	1.66746543734843	0.000217664597367274	0.00297710230388143	2.56396865303053	2.3370568717405	3.41915711356711	3.21904015834134	1.88999348398569	2.50583577462534	3.84242108102296	4.51595696211902
Cdh15	-0.622763014983929	2.157233051264	0.000679538477450341	0.00736830786484189	3.04757881621171	3.82151877800039	6.53736740634676	4.75802780839867	4.19678661455857	2.56187206236395	5.1506228321302	4.55385330014029
Cbs	-0.675958287092834	6.04691498910102	9.77524074396092e-30	1.48627104822624e-26	50.9220701647766	49.434611501062	80.7805004435846	82.5522262906071	51.0779481828854	51.7692377104858	80.5005999694901	80.8748616966109
Sik1	-0.929888082587674	4.31599748303875	4.02774280510748e-21	2.75578162725454e-18	13.7872626414007	12.7512398979721	25.3395565331366	25.3259617631783	13.5043493607004	14.4191954205091	23.010341891243	30.0850904180447
Icoslg	-0.745237382908348	3.03459608193639	4.04952610401145e-11	4.94765314350828e-09	6.0274868076218	5.66768414508596	9.75280429857595	10.8428775597593	6.01744462660986	6.36419046070992	10.1525461518315	9.65595827458596
Egr2	-1.75365236844338	2.46796509969211	9.87434759382409e-25	9.00803816492592e-22	2.6330767667578	2.19733079168839	7.4788559097834	7.9060514419687	2.16962326931201	2.84673876644755	7.48067389879583	10.4252151513645
AABR07044362.6	-2.11927552974141	1.57315569643565	0.000703738675150262	0.00757691217455076	0.275511695466397	1.27316971242544	13.2979235142106	1.54315199715655	2.65520023829538	0.0591136726105512	2.20830889032527	1.53920028355096
Pi16	-0.748571731420966	2.21776322395479	9.07594110581796e-07	3.08176620575715e-05	3.32539346722043	3.68059848450078	6.25856602217318	5.17777182546971	3.5681376697704	2.90428730573533	6.08579840940982	5.15288603805198
Pi16.1	-0.748571731420966	2.21776322395479	9.07594110581796e-07	3.08176620575715e-05	3.32539346722043	3.68059848450078	6.25856602217318	5.17777182546971	3.5681376697704	2.90428730573533	6.08579840940982	5.15288603805198
Crh	-0.933708180933699	0.771419705169829	0.000130301233117452	0.00196241590961095	1.03909846734655	1.13277383327266	2.13459490798633	2.0289214616562	1.11945677185747	1.01403737236913	2.45875430479622	1.64540642482404
Terc	-0.725205763693829	1.66844992845081	2.8908522426783e-05	0.000572480782761359	2.21680543445016	2.26649325574854	3.91353117251986	3.98741172219008	2.44867592043289	2.23216332481431	3.98578064354592	3.29922231730412
Gucy1a1	-0.651754491379402	5.4786855389822	0.000958184953050782	0.00969091123248108	40.465367644787	40.9887102579369	45.4981005507068	41.4216698146413	22.607410243984	34.3743858513624	82.8339319115302	47.6837517042399
Kcnn3	-0.689322971360155	4.21504677137251	9.92994539739472e-12	1.38654462059132e-09	13.4396723670246	14.5164268699031	24.7594044057503	23.2962266124532	15.7414525214646	12.779585070064	23.6351957580847	19.4258679011347
Olfml3	-0.877771199647374	1.58322595486769	4.54999150846565e-06	0.000122804899017444	2.07857713837872	2.26448010194183	3.91278335453711	3.21896762659777	1.95928536537988	1.75602894285644	4.41232918320022	3.30088142876706
Camk2d	-0.948948262813974	6.7770563232555	5.40358196562659e-41	2.46475385392114e-37	78.7750433590267	76.6950664464954	138.861194103954	134.115001689556	67.3136665779451	76.2656158133122	157.491098479912	146.933128704183
Tacr3	-1.01502991760113	2.92724420872294	1.04784171974311e-06	3.48872654330043e-05	4.22470373692577	3.5491293917007	9.68147923086763	13.916938604253	6.43475570524164	5.5553375012596	6.99607212642786	9.38870821857975
Ptger3	-0.751982202463952	1.86253375143296	6.70629984542347e-05	0.00112983327075389	2.63274134368322	2.47963003750398	4.41262277903523	3.84867238013678	2.65878047535505	2.63934574748432	3.49466809231679	5.78583666907207
Rai14	-0.852789453019123	2.68297752038624	1.86952186215195e-09	1.42919202020599e-07	4.22561885666616	4.81370262358255	9.31502040253749	7.69613882272677	5.10677358777877	3.78180057739652	8.26542358162589	7.13225679196262
Rai14.1	-0.852789453019123	2.68297752038624	1.86952186215195e-09	1.42919202020599e-07	4.22561885666616	4.81370262358255	9.31502040253749	7.69613882272677	5.10677358777877	3.78180057739652	8.26542358162589	7.13225679196262
Npr3	-0.929576263769067	2.82910421574341	0.000108361189129472	0.00168277141669747	3.80849607093124	3.54833927040015	10.029468310006	11.1909079509702	7.06306358328038	4.73604232805279	5.04998405873925	10.2758374275234
Meis2	-0.611271226423007	5.87167625441829	3.32788792586758e-05	0.000644113414109929	46.7654392894305	55.2212340956986	74.0123070831066	62.4770094148202	44.2919938251832	38.7489272423641	95.1313781817546	51.0143539911097
Bmf	-0.641167252859843	2.29702216590724	8.15104260680167e-05	0.00132311823287632	3.74119721927398	4.31618868506437	6.40108616326923	5.03827474750392	3.77832312176395	3.10561158339836	6.87416814457521	5.01544691025704
Ankrd63	-0.689527127562393	3.83042491511705	2.5999558805313e-07	1.08139198386597e-05	10.4609848824676	12.667707968633	20.1280649461245	14.8338811214338	11.4742369889426	8.5761679293514	19.6324641647239	15.0634793756765
Id1	-0.608908359881516	2.70323760525226	3.78022867655268e-06	0.000104502321636256	5.40467728926872	5.02840801354306	7.05061715831755	7.416160029873	4.33926775940036	5.41728672514901	8.54641341658658	7.81111123498406
Id1.1	-0.608908359881516	2.70323760525226	3.78022867655268e-06	0.000104502321636256	5.40467728926872	5.02840801354306	7.05061715831755	7.416160029873	4.33926775940036	5.41728672514901	8.54641341658658	7.81111123498406
Myl9	-0.873127252943372	2.47032692986041	8.72849210515689e-09	5.52966138735958e-07	3.9493130312088	3.96502862524369	6.69243340109719	6.99601111739257	3.49905820921068	3.85738338902635	8.46453786962119	5.87143592446122
Nnat	-0.817991970906618	8.24853562359747	2.88863973929998e-46	1.97640730962904e-42	216.435293377129	222.796958153819	407.022949042104	382.750827538145	231.319131372523	209.695100593209	390.306405166256	371.870797337069
Tgm2	-0.705028683534497	2.89149065712194	5.5426416022299e-05	0.000978651712063407	4.98715952569917	6.36882173748159	11.1595150546574	8.25626885072896	6.71524649113151	4.11346217532246	9.78110744738851	6.98470167424127
Cbln4	-0.935520879895707	2.98452755792364	2.97458137342142e-05	0.000583154319683363	6.30659710567273	6.57866733420897	8.83388595188684	6.99969955555174	3.43134629190282	5.07210415523369	15.0954595855063	9.99004942411881
Hrh3	-0.772705348304259	6.9070360791724	2.56106217065969e-11	3.50455747433073e-09	78.3536694088845	83.85576035383	174.988236346363	160.346358846719	113.48338518398	78.4075405266491	125.433403400627	144.264700759319
Ntsr1	-1.13073946926827	1.1113932750315	3.64124824468395e-05	0.000696452312179511	0.969188387855321	1.20449548220807	3.48100496953452	3.35705682949713	1.95771709727729	0.94311307571575	2.61378736280583	1.69938629901772
Chrna4	-0.634861559240598	5.48132534488953	0.000105759825179023	0.00165019093243986	29.5097273628186	33.5716773058832	67.7947459232091	52.190960888511	48.2004266958845	28.258325398313	38.6442182215544	58.1298355014872
Pnpla7	-0.751441623448231	4.10451113569014	4.91204086624885e-12	7.38641397953288e-10	13.7192295530228	13.6640924620847	20.4306135431242	18.47184733919	10.7775655291236	12.7214967411381	24.3428930715753	22.4463951784263
Kcnt1	-0.653300940063947	5.56692808468526	2.85571334784323e-18	1.39562790899595e-15	38.1752924057142	37.1086922867059	55.3057699400241	57.0875714026197	33.9371357122191	37.7629323406873	64.1550478385893	54.7181297648614
Kcnt1.1	-0.653300940063947	5.56692808468526	2.85571334784323e-18	1.39562790899595e-15	38.1752924057142	37.1086922867059	55.3057699400241	57.0875714026197	33.9371357122191	37.7629323406873	64.1550478385893	54.7181297648614
Fign	-1.38195330921165	1.9611083350944	1.60818811359833e-14	4.58467628051658e-12	2.21731201251204	1.91341440783666	4.7030248002618	5.87597803968028	1.81972659480298	2.37195892411179	6.43945804217011	4.75262441292081
Pde11a	-0.614387204700364	3.84161902966941	0.000220101222317925	0.0029998656635443	10.0440094885875	8.51039482376457	16.4443622723851	22.5916658287037	13.5712436624748	12.734024668348	12.6586760880626	17.006815987198
AABR07053136.1	-1.22507087799407	0.0986482996020231	0.000159923322629289	0.00232178720699717	0.484756867795506	0.425980023981784	1.49289971449842	1.53869315930066	0.769229467151628	0.540982465303292	0.949300708910103	1.25595058498701
Egr4	-0.707223763167334	4.40181452248821	1.19918532988803e-14	3.49141533067826e-12	16.4203385110434	14.8058164999409	24.4181828450449	26.2348395372288	15.0444883227544	17.5369304543285	24.4513207697386	29.0819081360963
Lmcd1	-0.682355012717185	2.92919215457837	5.05584050161328e-09	3.4592060712038e-07	5.88920212859452	5.38446227601701	8.68652061275511	9.58405924693417	5.45811599341283	6.23042710363161	9.13890185050284	9.46776236288233
Oxtr	-1.45721741233762	0.877038523895692	6.65743909910507e-08	3.25358559400549e-06	0.76171104904368	0.780028926306244	2.98474364101233	2.58837495936416	1.32853634330348	0.742086529137992	1.60981960526515	2.78576231215344
Ret	-0.92587306366945	4.17131793858237	7.78035863025753e-21	5.06982988078305e-18	12.3321001090074	11.7586770495512	22.5650857362863	25.813295055662	12.3846471205967	12.8609353085161	25.1516481519782	20.2884881705064
Sema3a	-1.34410099148474	3.52169924680269	3.29457484387355e-08	1.75420086239555e-06	7.55387032754152	7.00793611901568	12.260991876804	14.4834533879355	4.13144033353395	7.04349187357711	27.0839560711086	11.4617570248275
Cadps2	-0.610016992812143	6.86017134379465	0.000350225339189558	0.00438872119182226	80.0159446762757	68.7904221435398	139.639352484601	178.040206782854	117.681567414656	100.911349836777	91.1731795689587	151.985030228154
Grm8	-0.729357702598822	4.14967008216158	4.24190527749262e-05	0.000783349957047356	13.5796397046101	17.4031341694485	24.6140479127688	15.8856874906256	12.1061040480659	9.99135501075197	28.8780260633696	18.6309436340552
Grm8.1	-0.729357702598822	4.14967008216158	4.24190527749262e-05	0.000783349957047356	13.5796397046101	17.4031341694485	24.6140479127688	15.8856874906256	12.1061040480659	9.99135501075197	28.8780260633696	18.6309436340552
Fhl3	-0.858458144120833	0.924884105472706	0.000261938890302724	0.00347322846405279	1.10812183524325	1.27465936318845	2.63008315776396	2.44829803395457	1.53877113643693	1.08033865409476	2.24879829158903	1.77626324196737
Hcrtr1	-0.749488666469002	1.72292194198028	0.000436866477841738	0.00519833120242291	2.70278740788891	2.61856552697545	3.42084781490986	3.2892150198271	1.68049134894238	2.43685238456658	5.48645404434127	3.70072814088213
Fgr	-0.837509528391146	1.00218272554022	0.000224612687814646	0.00304553985245917	1.24681376291664	1.34559898631346	2.70176715704974	2.58818802042333	1.6087804161085	1.14777245421561	2.39345148159668	1.90888618045858
AABR07073181.1	-0.628538277720305	3.55595438474385	6.4263938808929e-06	0.00016284958123359	9.49216898612377	10.8971661522757	14.9416591310681	11.4761386623225	8.32749850695949	7.83821270762744	17.2273243016234	12.8900245592582
Fam43b	-0.770717345836397	3.51750502347327	5.16059786167816e-13	1.00882315913148e-10	8.24427978639081	7.65224706146345	14.1638582718995	14.900810706375	8.74573922360686	8.80075785901545	12.563441533768	15.4353828843467
Hes5	-0.797842564700366	3.97268553993459	4.15807024271647e-10	3.87068253070287e-08	10.390719664726	11.2609126348205	21.6277227274621	22.035344238524	13.6413368937194	10.2085467326313	20.3015285908629	15.1752009185646
Vwa1	-0.68137272920729	3.68101536911301	2.65675732138545e-11	3.58070018735994e-09	10.0463072323523	8.92732324089177	14.3831563796715	16.1602247502088	9.09694651187339	10.90458399698	15.089910185483	16.8918720598226
Tox	-0.640636616904595	4.19842734167178	2.24916378811004e-07	9.49924607299316e-06	13.0232411257272	12.6831369626519	22.7726314530254	27.0004571539233	16.9297473509141	14.3462562949184	20.464923151596	18.6289646773887
AABR07048211.1	-1.04372557568515	2.28339350087797	8.65486398511252e-08	4.11226245737082e-06	2.63165508786769	2.62347959422172	7.11172091599393	7.9031989264822	4.19615294530913	2.9074354339291	5.02244224563363	5.47755284413365
Smoc1	-0.655450337721349	2.67650409049314	6.62900476192674e-07	2.38713950426856e-05	4.91909306932352	4.60490845242443	7.26236784369354	8.39418610498943	4.75814206863053	5.1457632134808	8.2595645570575	6.73552600893298
Syndig1l	-1.28393497621826	2.08221954746742	0.000371225012072061	0.00460547875357577	2.49434250954985	3.60282652006225	5.76534914875137	3.78065995880918	1.89011228869574	1.61483934709196	11.0841258186049	2.73066608681902
Fos	-0.898898369000469	2.93529813769146	1.32915879930677e-06	4.24958154432565e-05	5.89026352014288	4.81831627889577	8.05325248716862	8.3968971716432	3.92032785150975	6.30463299138735	9.07390192454135	13.5609078159461
Rin3	-0.645327785380149	2.33200051069885	0.00010303978684811	0.00161511620072113	3.39385583526897	3.89467979310584	7.10846166463226	6.15622759389118	4.82616473196293	3.17310190400127	5.5183281599728	5.14753519615729
Kif26a	-0.608306556911746	4.32112985683767	6.28357005775413e-10	5.65686662304655e-08	15.6575286596507	14.1700386200515	22.3545001219397	27.631237913381	15.8131458935627	17.2660173101854	24.2204493024864	21.7533121732626
Fosl2	-0.595358655596075	4.14071957816783	4.47285356422901e-05	0.000820462844140882	12.8848891144675	10.918431466747	19.8622190298701	26.579908964477	15.9509115009577	15.9848939086656	16.2827584222653	21.513897742948
Dpysl5	-0.762798611783991	3.22659853443247	1.30089416425275e-09	1.02898472506559e-07	6.303605863303	6.6581383785863	13.0160162149123	11.7531182659325	8.18447719343906	6.21935240664166	10.0255329537646	11.6484949205398
Kcnf1	-1.03883378225154	5.93263002568004	3.5810276109467e-11	4.53729461372173e-09	33.1810910784874	36.1968521048449	98.3321626366237	93.3928024761575	56.385786125276	33.8793043963263	65.1010947682607	71.2398564875136
Hpcal1	-0.850734085677089	5.66074318992292	3.68518030479812e-20	2.19252205612424e-17	35.6104408472818	40.2861160544856	72.0826881143213	56.3209087135047	37.1533433689603	30.9717793229004	69.0249007578809	62.3328197241031
Sox11	-0.683616616793905	4.08067864802501	5.15290110894528e-13	1.00882315913148e-10	12.6782172193029	13.4533038865523	21.7738286600875	20.3586331179882	13.4336180186877	11.9702844907919	22.3229660383741	18.3751633599999
Alkal2	-0.689090899307797	1.32047579130005	0.000754746735090742	0.00799377269580628	1.87073717433225	1.55986243347738	2.56535120484232	3.00813628508722	1.60969946151304	2.17005074686822	2.61593348285706	3.45287706186154
Coch	-1.17602675035645	3.48845362524984	9.8275167596335e-31	1.92113913341178e-27	6.85895947997855	6.79879383467389	15.3732461361002	15.5309657052133	6.78713204931011	6.76631443136457	16.380113946276	14.2820393560644
Sstr1	-0.674468610733882	5.38768223828716	0.000208692962472118	0.00288168970582085	27.3622437464889	26.4298442470621	57.3499521522611	55.4063435544323	43.9328220781513	30.783000330481	30.9774388400565	61.4756273374906
Adcy8	-0.801146995981791	5.0933724151003	3.84741417800922e-13	7.74235523704091e-11	24.5947627750755	22.951121694857	43.3432892228321	41.2074296108217	25.7481951983895	25.8548380044947	34.5626767340406	53.6765158500128
Sla	-0.926369197023006	2.02576043761975	1.97165947634055e-06	6.00895061787174e-05	2.6324968386276	2.83201262277015	5.76022234045378	4.12918689883296	2.93833780606117	2.43261383472203	4.07695271360008	6.64682841783251
Wnt7b	-0.633448679840438	6.22334775858979	1.99430796892079e-08	1.13236971978059e-06	52.6509059780111	54.042509418094	101.758846718711	95.5637924620687	72.9022909595011	54.2580693197923	71.6296824370345	93.8588815946304
Wnt7b.1	-0.633448679840438	6.22334775858979	1.99430796892079e-08	1.13236971978059e-06	52.6509059780111	54.042509418094	101.758846718711	95.5637924620687	72.9022909595011	54.2580693197923	71.6296824370345	93.8588815946304
Pmel	-0.640787747356229	2.0485454305397	3.29735082315174e-05	0.000639106921586522	3.18706854619967	3.39756392559562	5.05189004191204	4.40821338847392	3.00893558493009	2.90702979051277	5.43077873671461	4.62789820757684
Pmel.1	-0.640787747356229	2.0485454305397	3.29735082315174e-05	0.000639106921586522	3.18706854619967	3.39756392559562	5.05189004191204	4.40821338847392	3.00893558493009	2.90702979051277	5.43077873671461	4.62789820757684
Gli1	-0.94960879955536	1.31081894608857	4.53884506123666e-06	0.000122746157743009	1.59343909602242	1.34744928748872	2.84909417780166	3.63697354424003	1.60930853143443	1.82998062087906	2.76142020333649	3.11073713068899
Nov	-0.705197691198923	7.88596140374792	1.57558078501074e-05	0.000343863595886554	155.532456696678	185.61446892843	375.671434008553	252.279197360933	239.00735543749	138.813570042654	214.588481266922	329.836491419357
Sntb1	-0.595704153076936	3.58113481862634	6.75347736655273e-10	5.924011813071e-08	9.49167370710222	9.20769846658868	14.0221339104015	14.9007814393812	9.3760570631332	9.61039058980066	14.8607332397305	13.2235768745321
RGD1311744	-0.877881382631946	4.04787220061177	1.93527333400235e-10	2.02154811469376e-08	10.9455182971918	10.2042156395443	20.2173112332806	26.9994782977393	12.8030211589419	12.32154529015	21.8243437340084	16.0315720479993
Htr3a	-0.643802822566851	2.1619333926347	9.48710405278428e-06	0.00022538460392066	3.25592019055663	3.32898097427129	5.62008439607234	5.31693639671217	3.70785746317309	3.24631473026963	4.93687311072683	5.29441810192287
Hcn4	-1.02911859927736	3.326744386405	8.02215409700373e-20	4.39100626653596e-17	6.16538565978184	6.44503673627562	14.5829750277153	13.2923985699148	7.41545998479763	6.01749490716093	12.1951939130676	13.1015255815392
Celf6	-0.779674871313002	3.98974421180343	1.71329196881101e-13	3.7814011776145e-11	10.7373231380207	11.3324209014706	21.8409638440936	21.1967240713734	13.6416458453319	10.6842464464196	18.8645758872262	17.7809012746499
Tpbg	-1.25241496602311	4.05625935775082	1.21630945091839e-13	2.8199024420334e-11	8.24205659423619	7.94046983521602	25.6120583683638	28.0499756254038	13.3593892699657	9.47099081153619	16.5840089103431	22.7620406657524
Tpbg.1	-1.25241496602311	4.05625935775082	1.21630945091839e-13	2.8199024420334e-11	8.24205659423619	7.94046983521602	25.6120583683638	28.0499756254038	13.3593892699657	9.47099081153619	16.5840089103431	22.7620406657524
AABR07068587.1	-0.843310067748566	1.34518953811649	0.000338754352533562	0.00426842961332345	1.73204613138681	1.20753659413424	2.42557402060499	3.91629876021048	1.53969945986085	2.37718550862197	2.47577842400082	3.51651965314395
Pth2r	-2.87624844096963	0.404036865588633	7.1386931358153e-16	2.79102505344276e-13	0.20763521310745	0.213041813058689	2.2759084904321	2.72725799152349	0.419529337209376	0.270403854199616	1.31822656900332	2.0504014029377
Vwc2l	-1.01379948930987	2.06137082436389	5.74867513783783e-07	2.10897776370437e-05	2.77146507732227	3.39424585476489	5.90340934903719	3.91990994550227	2.37952759457269	2.1591843682119	6.86731776242021	4.95533652976717
Resp18	-0.615155529518432	5.6610203524615	6.76011740937132e-13	1.26719789903887e-10	38.1035966362436	36.550132789477	61.2073997884574	69.8863253685838	43.9387698447225	40.875404577271	58.3899909093768	54.8364453366701
Des	-1.02598915400586	0.970284474579495	8.23949506457897e-06	0.000201095482322031	1.31662869036424	1.2039786947956	2.20858385093013	2.37877987885791	0.980021425999979	1.28673487306928	2.96437499425331	2.2456618010962
Ecel1	-2.39797120089103	2.77709556160237	3.58750322356076e-15	1.32679443543799e-12	2.21713828218013	2.54670658565526	10.1843579525243	10.7744739322474	1.95953941510658	1.89134376556161	19.3365906853691	5.15202442532537
Tmsb15b2	-0.874689634203216	2.33816672731589	2.237095053541e-08	1.24948606990429e-06	3.25573245497424	2.97769072146627	6.3346695217752	7.20465793823472	3.91754742681422	3.72458790017876	5.23715420925831	6.6898616737864
Il1rapl2	-0.719628507984464	2.08515690661766	0.000233689066998495	0.00315054304710089	3.25655307380231	3.04574002830574	4.34745487952273	5.6658989621277	2.65965426128869	3.45514224005023	6.71951658178206	3.74803806675564
Htr2c	-0.730599246979307	6.40950187320846	0.000766823067850681	0.00808413471530718	48.1430868432079	57.4442695955403	136.67935979986	127.601213381874	101.929857553785	47.8687549337314	83.3797207450932	76.1584423454286
Timp1	-1.21695002794075	0.306954435184577	0.000335251014561229	0.00423208015060504	0.623408383407244	0.848397280797797	1.70659844701623	1.32964613723335	0.699641811056565	0.471073181688341	2.37705144710216	0.778452620837361
Ap1s2	-0.651307633582865	4.36898665330298	1.09463385437275e-08	6.59866504988403e-07	15.1716071464745	13.6770016409113	24.1310251123974	30.6380671493782	17.6307218565701	17.4005009168543	22.7166254094365	22.8791825581134
Cited1	-0.893822810677374	0.748147820003837	0.000734820219873586	0.00781780259485141	0.969643108146173	0.78122914979666	1.85202830934882	2.51761071672611	1.25910753926364	1.28846618175634	1.38841192223206	2.25555384197328
AABR07040095.1	-0.588588374416723	4.48956280469691	0.000192579648640815	0.00268904072653154	16.0711575898075	13.8946416377595	25.3427176278203	36.9310459476332	21.3373776462899	20.0441279162396	22.2953730663288	22.7317848179647
Mxra7	0.669270499676163	1.58205934953572	0.000181631284043619	0.00256495613091113	3.39452469047623	3.25939697641903	2.13587314331932	2.44816404215162	3.63822917413176	3.72416352555763	2.03371580476096	2.18337911669554
Nptx1	0.650756127830731	9.37712110208709	3.21407703143674e-30	5.49767876227255e-27	819.32535593361	849.545819804664	521.615365293644	508.678684352199	792.060491675406	788.12762151175	550.415956134856	488.944747926842
Olr1462	1.51423896515509	0.513897359677698	2.09702292579627e-06	6.29797162955296e-05	2.00938157151959	2.89606084240124	0.781782416539266	0.350377259053566	1.47019388108141	1.27802257364816	0.79537570367039	0.72932710869049
Camkk1	0.856908733485881	7.53277828048775	2.47532371368232e-35	5.64538828300481e-32	243.941610550764	256.64140949079	131.738604472436	125.509275033617	224.045524092487	229.049722312074	146.100399895507	123.27916403449
Top2a	1.75327164799407	1.24318299616257	1.12477179397674e-16	5.13045907625924e-14	3.46411459918756	3.4700272851719	0.99669146621503	1.04935154765765	3.28886674380118	3.51956755909758	0.944291062640264	1.05975260237092
Plcxd2	0.762274090941919	6.48249058771656	7.61648251193849e-09	4.96304508063649e-07	126.166345445038	127.531507149395	59.9384720320204	52.9644133641189	82.9912294085107	112.600495622444	80.8784588260538	71.1030606678529
Meltf	0.76823191939158	1.92626801875642	0.000153114875344451	0.00224503912568925	4.98904948523781	3.89948235689176	2.14016633865337	2.86809023158416	3.57012452373267	5.97012615396523	2.46989930936925	3.32246772721602
Scube2	0.863947157010761	2.94997279526523	0.00019487770067356	0.00271558702242057	11.2260000528386	11.1826841305861	4.20787765513732	4.89790561345909	6.6509638745775	10.1531055501155	8.72160217471468	3.6768790420938
Dkk3	0.711320999782648	7.90131398158255	1.86204207217667e-28	2.31638033778778e-25	303.939599765251	318.325522377706	182.767477396121	168.605213065271	279.391705732266	285.011401897816	193.829600063283	179.618977460646
Prrt2	0.614284769554506	6.77152482921812	3.42805974162543e-14	8.68695731563006e-12	137.733511387759	132.219978479799	79.0825925412856	89.8273984358065	117.902317359287	140.08498698597	98.1580298278971	77.8681867114021
Mki67	1.05177092511256	1.44614109423658	6.63794220519274e-08	3.25358559400549e-06	3.53343514965898	3.47036884197699	1.56694899475388	1.88853935326357	3.2889545111231	3.65589400720062	1.95320678410457	1.31550089885055
Aldh3b1	0.681774677719592	3.35694878507454	6.72912975492852e-05	0.00112983327075389	13.5114933023762	15.4956430985446	7.61641875547526	6.01882683986909	9.86866655962215	10.9507463650056	10.4780261387698	6.93581753420573
Lrrc10b	0.84899366353826	4.53821128341765	1.54640107052834e-07	6.89281832218562e-06	33.1197602012808	35.111621827033	14.8119546253248	13.6448633670325	21.975774257829	28.6184854523212	23.1400593065319	14.3370414848258
Cenpf	0.831497161854535	0.86362668202866	0.000400251871282429	0.0048641621728497	1.93935057292222	2.19519483970381	1.35092734975218	1.32902091355903	2.58806982032286	1.89134431199528	1.16139332218994	0.987544824057437
Rasl10a	0.67451250382816	4.56711188452346	1.35741029828194e-13	3.04504959371968e-11	27.2260737775977	27.9058875613797	19.2113422139647	19.5874360146765	32.8131062253254	27.9419861381871	16.2615987760541	17.5314832467731
Rasl10a.1	0.67451250382816	4.56711188452346	1.35741029828194e-13	3.04504959371968e-11	27.2260737775977	27.9058875613797	19.2113422139647	19.5874360146765	32.8131062253254	27.9419861381871	16.2615987760541	17.5314832467731
Nkx3-1	0.998428986960807	0.732882452442067	9.53562286732156e-05	0.00151935018136227	1.87019012149988	1.7020516937599	0.996686302850033	1.04935051162714	2.30849567677143	2.23552786979136	0.5876404757564	1.39916813316375
Kctd4	0.67940675519375	5.69202703232522	8.30193638800479e-15	2.58964146876668e-12	59.9961284947283	60.7673503595525	40.4942506775407	45.4705983143018	70.5967876881297	62.522910431723	38.8755594127478	33.7146681554147
Dgkh	0.705480963213677	6.23172892214528	0.000165149857592712	0.00237385572615406	95.4710317588764	126.303425742753	62.1926028800548	41.352556114094	80.9586630450698	69.3842164197174	79.9635881609784	44.6133008193218
Mkx	0.908106923900701	1.39993934333215	7.16380919743333e-05	0.00118679860844646	3.39507038121613	3.67986541760765	1.56743791989104	1.81881661739264	2.8694702154323	3.11080305800223	2.59439585226733	0.977014847790906
Cdc25c	0.760741510042981	1.33656335048005	0.000776922083504949	0.00816543916335002	3.18735299186887	3.39670124699103	1.56774994517339	1.74905224912383	2.51977970812205	2.90845690142576	2.59513043659784	1.17865438038625
Fxyd7	0.78769099535188	5.19357513544819	2.70993793726982e-06	7.82337357248948e-05	53.6290387202452	53.2421583475946	23.073175855803	19.8034914543546	30.7242383782931	47.0323704305784	33.4552797644168	30.6114526114769
Klk6	0.977929256279508	3.40268794984151	2.23426526794146e-06	6.646453462285e-05	14.4807562801557	19.3095677473123	7.9644238490031	4.27112534118558	11.5475142141908	10.0560767965595	8.39348799223908	7.48635447723411
Cabcoco1	0.708595958138521	2.6155557244685	2.27889630243887e-08	1.26252700415277e-06	7.34366882506697	7.78828180347152	4.76677991066665	4.47755866449565	7.62646582966364	6.96530673025823	4.56866686761487	4.36440707716477
Fam160a1	0.972260151598481	1.47890319133263	7.84316459029783e-05	0.0012814775340248	3.04735818828279	4.31457889873901	2.34321218723306	1.60941769028532	4.40651188189913	2.28738764426121	1.95517324555742	1.24581258342855
Vav3	0.877642627490968	4.19626441794909	4.58523970883734e-09	3.16891010988536e-07	24.1799222360984	26.971448826336	12.3863039657421	12.5231418734051	21.4824792310702	21.6433589684771	17.4971452764394	8.88528953542029
AABR07007642.1	0.781636678952977	6.20682458552168	3.76675288212819e-11	4.72882994853597e-09	100.876964284784	90.2274697929279	45.1427639281489	58.0649918640044	74.5931783697575	107.146351581174	65.5814841922965	48.0834473237044
Ropn1l	1.55136363237963	-0.200261385250925	2.67294667285056e-05	0.000534745647241039	1.10851433204612	0.851686254130584	0.215055984123287	0.559289265333942	0.909988902553622	1.49418405580696	0.434029813076799	0.262031779198237
Mal	0.724591930464034	7.15946228582321	1.25299037123033e-09	9.96855827902085e-08	182.280949758131	216.258502837913	114.790718788974	88.643720003822	163.522079086536	149.788181172113	131.421690712034	95.9316979923143
Slc4a11	1.60818349857084	2.07563199945134	5.33369971743876e-09	3.57776210458e-07	6.4437715318171	9.25820192598109	2.34554795763009	1.0509863341863	4.82984820676552	4.04020006369009	2.45774317234466	2.18778202426759
Col9a3	0.775539391418763	2.95148874367117	3.86536826787372e-05	0.000726561804637143	10.2547782002636	12.5200260785053	5.90495145405361	3.92014767498702	7.8388528847111	7.76646537693331	7.22751255435174	5.35624327170954
Tuba8	0.65707973946775	4.72614338199264	6.55189820989928e-10	5.85988072576874e-08	33.7414589847578	31.0927203116886	17.9461279706192	22.5252473029464	28.2704625996736	35.7447139803828	23.6145657725978	17.6424211587917
Wnt2	0.967023234106329	3.42921352419378	8.5674273021969e-08	4.09918444766652e-06	14.480431903648	18.5353032991318	8.17767794365875	4.69057831766153	12.5262898285505	10.7359311950749	7.82390686155657	8.08944499012001
Fkbp9	0.644289917843869	4.89170121322527	9.90657036882733e-11	1.11115990923798e-08	36.7891387444974	39.932968492052	23.2014059851792	21.9682799865936	33.8667995923707	33.5532788615634	27.5221479422758	19.5571151419265
Napepld	0.686569218963582	3.30612000127371	1.39060654455015e-08	8.30963316839485e-07	12.6795113784129	12.7443582020018	6.97835528849519	7.34597602969482	10.4972767114309	12.1813674499706	8.97213899139569	6.60396894592734
Napepld.1	0.686569218963582	3.30612000127371	1.39060654455015e-08	8.30963316839485e-07	12.6795113784129	12.7443582020018	6.97835528849519	7.34597602969482	10.4972767114309	12.1813674499706	8.97213899139569	6.60396894592734
Zmynd12	0.615743264309886	1.63627900832872	0.000865573173082633	0.00895953351018363	3.39433236375013	3.89317409631356	2.63076223884287	2.30875900661303	3.98761836127332	3.10709749114964	2.46382049889406	1.97750224484715
Klhdc7a	1.26491799859878	1.97249970368233	6.10548314741853e-15	2.19341949010712e-12	5.4734841491025	5.10054734895304	1.99496501217918	2.44819746240839	4.89861166513962	5.89286060227516	2.24787814257001	2.18298571416322
Svep1	0.70927637605396	4.2627941278726	1.0634950979328e-08	6.49035720140517e-07	24.5266078700828	26.759975644555	14.1647880056316	13.6430308772294	21.2727983374687	22.0511112001263	18.4508582739193	11.613545548841
Dpf3	0.643105607649526	2.40732378077933	0.000613764949882604	0.00680028311569936	6.79052899038532	7.28871963379727	3.70369189240788	3.70840479900263	5.10955874224808	6.01951726256284	5.7013216007744	3.02531821357994
Galc	0.605553305641731	2.97568651402395	0.000165907498365692	0.00238224365963917	9.83883871420682	11.3913756418794	6.26216065785511	4.8989406878199	7.97831954860057	8.10964013102605	7.87899028488056	5.48178436681512
Six4	0.924285987985376	0.97641411333868	3.10039079904287e-05	0.000603495699773864	2.35545042378719	2.61882329102714	1.35145773119196	1.18947200846895	2.44887343314069	2.16239045795729	1.37592505136294	1.1217203095862
AABR07058124.4	0.904984140874543	1.02075491742683	0.000278035020104621	0.00365127755768871	2.70252408561892	3.04115665223958	1.28150207885114	1.04990171211922	1.96007738336632	2.16156760442221	1.94580447740049	0.98527088043433
Fam84b	0.749030426568647	2.02094659166623	1.46012776485722e-05	0.00032191945593489	4.84955279890517	5.80170505788047	3.2003067859409	2.58910087131905	4.89794596365175	4.11930576758575	3.4717012547305	2.43867832025119
Fam84b.1	0.749030426568647	2.02094659166623	1.46012776485722e-05	0.00032191945593489	4.84955279890517	5.80170505788047	3.2003067859409	2.58910087131905	4.89794596365175	4.11930576758575	3.4717012547305	2.43867832025119
Tjp3	0.935103183273381	2.66067874123074	2.37255249968641e-06	6.98193729155028e-05	9.00818301461867	9.55300827669506	3.70532865648748	3.70872602177002	6.02020121723284	7.91512423115489	6.27553579415695	3.29120306780276
Plk5	1.69280062954437	2.41992090717031	1.72287786523629e-14	4.81140014446804e-12	8.9390887537154	7.72068291791046	1.7851547417709	2.72795062924111	5.53082646255089	9.62471093478157	3.53386605876891	1.77283029341889
Plk5.1	1.69280062954437	2.41992090717031	1.72287786523629e-14	4.81140014446804e-12	8.9390887537154	7.72068291791046	1.7851547417709	2.72795062924111	5.53082646255089	9.62471093478157	3.53386605876891	1.77283029341889
Gpd1	0.686172183291809	6.56021299082599	1.81022259273099e-16	7.74096436216591e-14	120.13559413425	124.280953096214	69.8947526826891	70.9397692749803	106.356651180051	114.085377898607	85.0950202528929	63.0350670693665
Arhgef25	0.704212533970709	6.40255790986152	1.9779573206669e-13	4.22911999625092e-11	113.417043619675	112.736634968653	59.5087685270435	57.3696951543801	85.5780929199436	106.919836756025	74.2957667902923	65.7933535478489
Robo3	2.1584592354815	2.63875290172989	1.77165216087273e-10	1.8719932136594e-08	11.7809416095366	13.7197566426455	1.64203613227824	1.54027140659614	5.46285012342804	8.85522717156076	4.45257215154218	1.2379595716217
Trpc6	0.820005260398584	4.54647051325746	7.87088502544723e-27	8.28501466832461e-24	29.3058033344897	30.6622114778548	17.3631343827651	16.6506071897036	30.2266290139989	28.4147769719229	16.7529556606391	16.4087674216628
Bok	0.682809671413271	4.64145251453226	2.852006266065e-07	1.17905902552367e-05	34.1590697158185	30.8060036626541	15.8146810138475	18.2602441470781	22.6055656377702	34.7332713695283	23.2414494723296	18.860070780235
Emilin2	1.22728180746679	1.03316396925097	5.34905122872445e-07	1.98903307102895e-05	2.63257593997428	3.32394836060039	1.20931269535692	1.04958712305613	2.58906574109131	2.15918413196234	1.58682127179021	0.718687148368242
Kcnh8	0.849065883309531	1.2173837947397	0.000113057532720279	0.00174220639385619	2.70169917388577	3.0437238791139	1.56580634306894	1.74865163512035	3.00837376266257	2.49986974551471	2.02197728642687	0.912876862228805
Sgpp2	0.653961314487308	5.11323767075618	2.89853696404817e-09	2.16740873311667e-07	45.6591050513021	47.5085212081963	25.7680337387105	22.1805640615921	34.5692160977987	40.8668616940013	30.792478393679	28.4068731126174
Rbm3	0.691451206935911	4.91782282263509	2.88466599032279e-12	4.8733048656268e-10	37.1349260030256	38.0281746737663	22.2797896891972	25.0439828827323	36.5946428052845	36.8779786714403	26.7305247035685	18.0214093869509
