logFC	logCPM	PValue	FDR	Bo_14_5a	Bo_15_5a	Bo_22_5a	Bo_23_5a	Bo_24_5a	Bo_25_5a	Bo_20_5a	Bo_21_5a	V1	V2	V3	V4
chr10,107376583,107377054	0.0587189320548501	2.12337725319599	0.741210920842424	0.867137455415987	5.25719821023709	3.9889057963549	3.93387471120266	4.02973653663278	3.70273129445927	4.94519769186355	4.17057381399066	3.7325652584797	chr10	107376583	107377054	Cep295nl
chr10,107385390,107386776	-0.194797095652811	5.02766778685927	0.00156313809525083	0.0132143773034747	31.7663833470091	29.7126407302552	30.1453146200719	29.4536595559091	33.0429857250213	36.3105842292886	35.1421148931155	34.18129312556	chr10	107385390	107386776	Timp2
chr10,14613823,14614394	-0.0286436854931982	1.73392993728389	0.938102700698859	0.979272715960716	2.27993220057984	3.67169874684465	3.98806804095696	2.71046266802654	2.57322960360528	3.27565475551043	3.83063451304213	3.21465645644112	chr10	14613823	14614394	Baiap3
chr10,29450343,29450904	-0.353608832534812	2.51285483991305	0.0103754404942153	0.0522351504772761	3.9624989192646	5.58505668419806	5.28100267425318	4.72402182902404	6.09151979485643	6.13391208645255	6.42714916926414	6.29960204788311	chr10	29450343	29450904	Adra1b
chr10,40763557,40764671	0.108432423990674	3.93170785437037	0.22959284103011	0.429387613730567	16.4903520110922	15.8465941037927	15.1481361708358	15.2828019712333	14.036988651404	16.096471496599	14.5625477311967	13.570939880703	chr10	40763557	40764671	Sparc
chr10,56407775,56408474	0.0765649544708593	2.87711767924382	0.59651249881312	0.768177261797539	6.38516581154894	8.67087214677184	7.78205620056153	6.8089156440268	6.28309076239912	8.08126918366065	7.4533016412289	6.28757521539382	chr10	56407775	56408474	Fgf11
chr10,56409831,56410449	0.040506022140924	3.91466162862011	0.691926628264237	0.835109324179916	16.5610358441685	14.8219709614072	13.3011731562501	15.9059838380809	16.0404697096223	15.4712681821028	13.5348294189884	13.900735133732	chr10	56409831	56410449	Fgf11
chr10,57126914,57127970	-0.0151846267614385	4.92963550178528	0.854631122932166	0.935324480097293	31.8342511673559	28.2517226744832	28.1549211957001	32.4371676621505	33.8651845690654	28.0923134174673	28.507532643822	31.5011004815151	chr10	57126914	57127970	Gltpd2
chr10,57669792,57671775	-0.00208103486236654	3.69682722050533	1	1	10.2135694294409	14.1311525256493	14.0613177174155	12.9201484619857	13.117024742435	11.5733734711957	13.1958761946409	13.457803648318	chr10	57669792	57671775	LOC691995
chr10,63802912,63803530	0.0215663940889782	3.1497965471614	0.879048598220887	0.94937878195476	8.67955924404081	9.35105072811452	8.85725819161941	8.33675325959507	8.00668787846368	9.75428137867599	8.95696844474974	7.99511946382108	chr10	63802912	63803530	Myo1c
chr10,92191115,92192547	-0.17007173795297	3.18945313942986	0.176171813155285	0.363829377082649	8.20768677637276	9.12701663954885	7.2982311534197	9.16762547630801	11.0118479336945	9.82655178224792	8.4068723587367	8.78221009256844	chr10	92191115	92192547	Crhr1
chr1,101686747,101687205	0.222956099508844	4.77109199815519	0.0143613047870244	0.0657319844308595	29.4740406713455	31.8916771496216	26.1606497474071	29.5913277079487	26.0363893130871	29.0569499129118	23.5168200527434	21.7577989284862	chr1	101686747	101687205	Dbp
chr1,101687359,101688419	0.0564086369825421	7.01737216564439	0.233181240803859	0.433411005870888	130.610489071294	136.137775943224	125.730522208119	135.314704308168	132.745470784985	130.334553000472	122.37883375628	122.096275503959	chr1	101687359	101688419	Dbp
chr1,101688633,101688815	0.0590723277794191	3.33402009946072	0.639024238708842	0.79883203649287	12.1931943985974	8.50738552827934	9.93147417416195	9.93384817512476	9.33450338624458	9.61884161980405	9.91383998342538	10.1091214447589	chr1	101688633	101688815	Dbp
chr1,131455439,131456471	-0.177870351023552	5.00765892422894	0.0853163710571867	0.225334218335713	22.9903093763916	36.0585578559337	30.7126141071827	30.4942111796644	36.0424594099435	33.2473365019084	33.4317801973367	33.261074002767	chr1	131455439	131456471	Nr2f2
chr11,65813693,65814245	0.0569818178029805	3.35010502721463	0.575439041115724	0.752980121195932	10.1601671989722	10.3192605087707	10.2154785581295	10.3499849684958	10.0028275523937	9.82765850080549	9.84504675909749	9.77495734866678	chr11	65813693	65814245	Fstl1
chr11,65844809,65846353	-0.142208452028926	4.19277406047712	0.11195542471016	0.269794904870751	16.2119637221621	18.266811466386	18.5626954901448	15.9787537977504	16.9402728072247	20.3491457692706	20.3760638036256	18.4976783972976	chr11	65844809	65846353	Fstl1
chr1,171592039,171593317	-0.250747746771189	3.63534044594836	0.0257596021160126	0.0990757086327174	9.61283341323776	13.3041136795829	10.578077490879	11.3917680882612	14.0483332718875	14.4942569836072	12.6468758373439	12.1907550660901	chr1	171592039	171593317	Syt9
chr12,22680618,22681298	0.18205411861546	2.45985313507029	0.340318015713586	0.550940691016888	3.41473448980968	7.26016509920616	6.49065298061226	5.69609638132811	5.36948823800254	4.32409998550409	5.19645280466091	5.25248849918003	chr12	22680618	22681298	Vgf
chr12,23840427,23841406	0.142383603490489	2.310228694337	0.344486409495506	0.55499523239242	5.99684299639242	4.51006505833809	4.86017307312898	4.86306290603699	4.30101647398605	4.94718961633705	4.64922754589398	4.45919797569067	chr12	23840427	23841406	Hspb1
chr12,50402772,50403849	-0.164665842302223	3.49901569139658	0.137191090315035	0.308271088665484	10.3616533486759	11.0477696535514	9.2980093543601	11.3903146170068	13.5294537757144	11.8486634877388	10.5261964005025	11.2789186477943	chr12	50402772	50403849	Crybb1
chr12,50404220,50405274	0.295169672810949	4.00269319100218	0.00123614306661831	0.0111257487322681	19.3212960237047	16.962516783065	16.0120734313863	17.7824079131971	14.7078325171609	15.4700671335792	13.6726070717428	13.3085117620031	chr12	50404220	50405274	Crybb1
chr1,252549264,252549831	-0.216541672251363	1.7529436128438	0.370388266105095	0.58018822437234	3.84398722035418	1.8714000075367	3.35217942189131	2.84849388170925	3.10737931460697	2.37423523081662	3.69259157902577	4.68226016975695	chr1	252549264	252549831	Acta2
chr1,2626500,2628196	0.0050435963777167	5.22522788626613	0.953848038261947	0.987924790578855	35.4568149653759	40.2964788345216	33.8742497829287	39.7311216076804	41.6838533349276	38.0542687494126	34.1130186761417	34.9584908147819	chr1	2626500	2628196	Ust
chr1,266051424,266052531	0.19268179566874	4.12655068878033	0.0586257921007664	0.174443668303948	16.2740340111137	18.0661677451951	20.9122416929508	18.7549118377536	16.2277947942613	13.458165704835	16.9568233013561	18.0632515851324	chr1	266051424	266052531	Nfkb2
chr1,266052605,266053442	0.140033518641567	3.58956997216433	0.266294088026006	0.472811469985045	13.8700954953332	11.5885325064443	13.5626561618952	10.908822682549	9.05169753903754	12.6117296028667	12.7195800087645	10.9525146921819	chr1	266052605	266053442	Nfkb2
chr1,274764509,274765576	-0.388444097812824	4.05886936335688	1.38960164119341e-06	6.66097724445165e-05	13.5211460322451	15.1715543245419	14.2159447229618	14.3096002361675	18.8113357174139	19.0270691288291	18.5276454083493	18.5006687815049	chr1	274764509	274765576	Adra2a
chr13,15395485,15396425	-0.556931002793929	2.08365685954624	0.000178195858136229	0.00261622604619846	3.43289057437373	3.10185256817633	3.14550132526603	3.5419867589529	5.30480530440295	4.3234893828836	4.57984078762537	5.25556080919891	chr13	15395485	15396425	LOC304725
chr13,26769807,26770337	-0.2009320006821	2.53730563454489	0.148502149546079	0.324686122528159	4.63782593408577	6.17020688724891	5.07431132404518	5.20999389574479	6.16104542602658	6.75816796260638	5.87920817576041	5.43580278023469	chr13	26769807	26770337	Bcl2
chr13,42262228,42264026	-0.081762596237594	4.24971439370909	0.303463517168483	0.513260727565649	19.0465881762166	18.136878852399	17.0105804089733	19.1708113080968	20.8082996985191	19.4458820282644	18.3211363146215	19.0901976097816	chr13	42262228	42264026	Lypd1
chr13,49074368,49075443	-0.32406276253356	3.11172497901046	0.00517392865568984	0.0316332381530402	8.62122577374606	7.2309266925409	6.86512555420193	7.4329481216405	9.2707733437216	10.451644367923	9.16074466423812	8.91600058574306	chr13	49074368	49075443	Klhdc8a
chr13,63525325,63526540	-0.233449363038417	4.00718712966129	0.0118729946864695	0.0574512378685175	12.9105768027981	15.539931041893	16.1315652008367	14.0328265278729	16.1526384963634	16.7288122641926	18.2562462125578	17.7204356563638	chr13	63525325	63526540	Brinp3
chr13,85818216,85819226	0.048841752049533	3.29009040458916	0.741432579076879	0.867225227144624	7.92826024467615	11.3950889101809	11.3422704957281	8.61606383281634	7.93134165898541	10.3822977244006	10.6682770412988	8.98199643180494	chr13	85818216	85819226	Rxrg
chr13,88060745,88062257	-0.206335261114312	3.93125218784342	0.0183309619639344	0.0781351721283514	13.8609006407304	14.6593188931687	13.0801731804954	14.5171270332378	17.1630326396751	16.7264069389033	15.3130930955491	15.5434953890355	chr13	88060745	88062257	Rgs4
chr14,103321508,103323674	0.17987241058869	5.36574427347418	0.00586666283563136	0.0347548635378813	43.9416424591567	44.2245707435519	40.5145996750267	45.9832089036624	42.0094778106098	38.7521519333977	36.2332748105729	37.194758133117	chr14	103321508	103323674	Meis1
chr14,18076307,18077321	0.0726672971544016	5.1507408235359	0.249589849043621	0.453192757722318	36.0672297001604	36.6332034365401	34.4388917209294	37.9951490890502	37.1050384067856	34.0136272121487	32.8837322874	33.9842548511088	chr14	18076307	18077321	Parm1
chr14,2031822,2032288	0.261306542584676	2.32353346144681	0.0685251195331522	0.19423993252121	5.11231046574584	5.01992782881889	6.06241119061105	5.07156268108753	4.03445631834111	4.04413384361116	4.85542981788141	4.79602650580923	chr14	2031822	2032288	Fgfrl1
chr14,2032401,2033229	-0.0368215672463265	4.21236056166736	0.722112861205414	0.854864182903601	19.5884566025255	16.0252273515888	20.2714610173419	16.7430251025714	15.9421431835248	17.9141403397616	20.6506895970709	20.0252620847104	chr14	2032401	2033229	Fgfrl1
chr14,70780082,70781306	-0.253849802800805	3.57426127833724	0.00899271917144863	0.0471394848166732	11.5116528858805	9.96553155446724	11.0689469155055	10.3509417021621	11.9806274120348	12.6159780127635	13.2644702514946	13.3255228776181	chr14	70780082	70781306	Ldb2
chr14,80195672,80196431	-0.0211594151610543	4.09381362112788	0.819208423254953	0.914088994321032	19.5958459408267	15.0628178834464	15.5816367508241	16.9490198760958	17.2890384931414	17.4933857332757	16.5443719679057	16.9266225264395	chr14	80195672	80196431	Sh3tc1
chr15,18399205,18399841	-0.369379449352792	3.1099788916073	0.00173559374161367	0.0142673493028664	8.62239618434318	6.72260092511414	7.21693039511731	7.01681700161124	8.66687132060102	10.3130849296059	9.77720478179561	9.51297863961865	chr15	18399205	18399841	Fam107a
chr15,45375671,45376621	-0.230451107190698	2.04864982252066	0.144674339987537	0.319053534598831	4.10865826429533	3.18271500356549	3.43227641994321	3.95863985715276	4.70830458664404	3.76597175169061	4.03288900746548	4.73148285482877	chr15	45375671	45376621	Dleu7
chr15,57505077,57505543	-0.27554121361274	2.42686173819182	0.0369317853355592	0.127051309618494	4.84579209987454	4.71845393704437	4.36231415328621	5.00069835028055	6.23270010313884	5.64596133710338	5.33164127583782	5.70771344119123	chr15	57505077	57505543	Siah3
chr15,57505722,57506737	-0.108268825286743	3.90063194252127	0.25715332131687	0.462148095598668	12.7096508351894	15.9683674785646	13.7195010783605	14.586849675844	16.1684015502409	15.9594998097991	14.7666175458414	14.4912608200308	chr15	57505722	57506737	Siah3
chr15,80712350,80713724	-0.502233880781983	2.37299296339055	0.00125340355603911	0.0112447450160718	3.01837048708882	4.99107811233985	4.3549425095515	4.30638327903825	6.36462522193068	5.36879375061959	5.74252259436811	6.10517060807616	chr15	80712350	80713724	Klhl1
chr15,83707240,83708522	-0.0316094218274079	5.65170345879615	0.526880555282572	0.715929666439661	51.4145720762786	47.8524264805104	49.1471821965148	49.8749288997447	50.8691793333328	50.0442698396384	50.5245015066984	51.3123339761088	chr15	83707240	83708522	Klf5
chr16,7006885,7007911	-0.420269629250763	3.91348679176674	5.95983885514345e-05	0.00115218775687537	13.1914813066946	11.3750177214885	14.202261033641	12.2266827178649	15.4861064459775	15.1985702544956	18.3249968687968	19.2467872179464	chr16	7006885	7007911	Itih3
chr16,81202949,81204032	0.224373585610801	3.75935411084028	0.0217223882354858	0.0880685701491456	15.2794616085045	14.230713505302	13.0125712446384	15.2806420351997	13.5900500263526	12.614824692626	11.4841678662714	11.803365276179	chr16	81202949	81204032	Tmem255b
chr16,81204181,81204498	-0.0489675150685375	1.98182392471525	0.766269330472749	0.882773113288579	4.1079650096598	3.18437898798008	3.92649629562901	3.75108334402187	3.84089681706383	3.34775722316717	3.96563197200092	4.3388737870354	chr16	81204181	81204498	Tmem255b
chr16,86629552,86631018	-0.136722848906978	6.05568637302051	0.00312722391149469	0.0219673518961468	62.2422191591742	65.2993381972906	62.7905012328906	62.5874562930632	68.4840923977224	72.3447354031444	69.5312183102591	67.7063241217712	chr16	86629552	86631018	Efnb2
chr17,11099645,11100646	-0.37761352324683	2.83537951778219	0.0034718487649478	0.0237071590052535	5.64895654303099	6.83804898969977	6.21318292327841	5.62776453395722	7.14434585821572	9.05687730660203	8.13645546847378	7.27379315006715	chr17	11099645	11100646	Drd1
chr17,16694594,16696057	-0.115113603187805	5.64693206840215	0.0328260839275668	0.117205247669752	48.9227865234666	48.7200185565864	45.5114910088406	48.6936967781361	53.3907908458665	53.944585855914	50.2498426691138	50.2518568479281	chr17	16694594	16696057	Id4
chr17,33951148,33951994	-0.298971466430565	3.18216975036989	0.0619492142788281	0.18124276793516	8.14309037611532	6.51691048945599	9.76665952885982	7.57260819436133	8.59703265059843	7.53428738571426	11.0100160974276	12.236834425686	chr17	33951148	33951994	Foxc1
chr1,78932925,78933439	-0.361964649241297	2.80129682420682	0.0152282590333677	0.0685555801153247	7.75318405569596	4.67298670197822	5.8590268175878	5.55821917992896	6.81183798928565	7.59745008954286	7.99995116673784	8.27610633650407	chr1	78932925	78933439	Ccdc8
chr17,9638413,9640287	0.0324015035912683	3.91192714673222	0.719929138414133	0.853409612963533	14.5318099489932	15.2565572212423	15.0016792177278	15.5591474904495	15.4387920924462	14.1503438575014	14.4937125912182	14.8956021491697	chr17	9638413	9640287	Dok3
chr1,80073141,80073617	-0.0587081231184037	2.5755492284159	0.682837814767276	0.828899527388342	5.85543026263602	6.10907352297116	5.43235394592508	5.41897167757196	5.49144472909354	7.10483867643305	5.94807668690303	5.23761323787119	chr1	80073141	80073617	Gipr
chr1,80219365,80220720	0.073777815842218	5.6883033309876	0.175902654285009	0.363387562285676	53.4305038674073	52.9990839446885	50.0832114554709	54.4585286527257	52.7996728041945	50.600642839032	48.1985676402122	48.8759014945465	chr1	80219365	80220720	Fosb
chr1,80221635,80222358	0.219854934360437	4.81043082640784	0.0010004221741465	0.00946680054737847	30.146549995567	28.7616779382912	30.1442340684658	31.1880951544149	27.0981862438738	23.8404034674694	25.5011826287466	26.7775324484063	chr1	80221635	80222358	Fosb
chr1,82165388,82166744	-0.0316548261475523	3.95909557954515	0.753144400233827	0.874710779347457	13.3135168375652	16.3478680381177	16.6326905214823	14.7272846427442	14.7632652017426	15.3343290245973	16.4784970645605	15.7487347227744	chr1	82165388	82166744	Pafah1b3
chr18,61563014,61563840	-0.270445303283031	2.36590184127912	0.201027921853721	0.395042543688924	6.47753513770984	2.84061178336689	4.36001029540402	4.44601894485305	5.29619630723028	4.32558870516817	5.46945924363819	6.78049623048301	chr18	61563014	61563840	Grp
chr18,63130118,63131498	0.246014447397653	3.38417319086376	0.0521997691284645	0.161203442538045	12.7276043879698	9.03076855211257	11.9224863727307	11.0451063011258	9.00303037708633	8.08918472993167	9.91456673419692	10.7124890628002	chr18	63130118	63131498	Tubb6
chr18,70733059,70734187	0.03790165963809	6.28706827172204	0.334401031059635	0.545104633225851	79.3366068354193	78.8748013003842	78.291692296871	79.3971150179149	77.4965993690748	77.3650589144257	76.5730116818528	76.3060679556875	chr18	70733059	70734187	RF00283
chr1,8932544,8933298	0.180330962972309	2.45670470744061	0.209268554161406	0.405520403558538	4.56686370475861	6.54064484030618	5.64394421826483	6.04247477793264	5.63852189471608	4.74065739165181	4.78510248860417	4.91896313512086	chr1	8932544	8933298	Nmbr
chr19,33927964,33928674	-0.00143647655416666	2.49325985165067	1	1	5.58581273039447	5.02378262305405	6.13524881451662	5.21057651086041	4.96028395590651	5.08958415553338	5.94934531760042	5.97872118117609	chr19	33927964	33928674	Ednra
chr19,37916687,37918208	0.344636292246004	4.45472135425471	5.04433536459748e-06	0.000177153827280412	25.8454200638091	24.2539363853513	23.8618182955448	23.6187814465983	18.3402922985119	21.1841116275292	19.4855306402626	17.8999742537112	chr19	37916687	37918208	Lcat
chr19,41482439,41482833	-0.0607205393595019	1.75530600168493	0.769158002991703	0.884455736720289	3.02662977336663	3.67210861612377	2.57986618777741	3.40305244540453	3.85007163818747	3.83113344082071	2.80151268075735	2.74514515144086	chr19	41482439	41482833	Calb2
chr19,52646608,52647557	-0.0736745613970622	3.28470524231715	0.502070734602986	0.696402695155486	10.0308131444312	8.8557344834542	9.78209809555823	8.75380586674285	8.79783365516843	10.3140092047971	10.4617966483317	9.84161780979334	chr19	52646608	52647557	Crispld2
chr19,55257205,55258301	-0.190548877717273	2.90667964473444	0.123717325568052	0.288333829472942	6.1177393174419	7.14458043900677	7.70510896675686	6.53048392754316	7.21201136915159	7.5285434603417	8.41076961959364	8.20684879648186	chr19	55257205	55258301	Cyba
chr19,55669168,55670008	0.0421786404605255	3.94961710273058	0.620648272680512	0.785435364939395	15.7470696962425	15.6990322821696	15.0051965080245	15.6986230021622	15.3687948300641	15.6112321472112	14.7670641423995	14.6265272013621	chr19	55669168	55670008	Cdh15
chr20,10386352,10387251	-0.241328283213422	3.36551123487796	0.104002540702186	0.256977771030485	10.7765421976557	7.26256320452487	10.7712691025528	8.40713031721731	9.05451601779724	9.69189887500291	12.4462545743948	12.8179348495491	chr20	10386352	10387251	Cbs
chr20,10679771,10681309	0.033275714216079	5.15321651800942	0.554797063634041	0.737573578935189	35.1910836032297	36.4833409458641	36.0014622802196	35.7740601669531	34.9716735995305	35.406369522627	35.1417173810098	34.6411452234893	chr20	10679771	10681309	Sik1
chr20,11339558,11340701	-0.23007309450396	3.64029385024034	0.0388565607248621	0.131580534890763	9.13837210539186	13.3790321089631	11.3577789900633	11.5306750336664	14.0487354285967	13.3124467086045	12.9894545919296	12.8548314349149	chr20	11339558	11340701	Icoslg
chr20,22458640,22459608	0.146979838907139	5.62713629806435	0.0133610002282971	0.0625174579820527	48.7116575741024	51.6747976060077	55.2768102066458	51.6119035409208	46.1632952581914	43.8437436772605	48.4065673366554	48.6944639265732	chr20	22458640	22459608	Egr2
chr20,3135968,3136668	-0.184122292596569	2.63211946951337	0.136907187700735	0.307863195034792	5.31298997089586	6.03629051148582	5.85537612062019	5.48817165840423	6.15599991973077	6.69021370464951	6.63225331136519	6.29631771182259	chr20	3135968	3136668	AABR07044362.6
chr20,6930337,6931349	0.173443925139873	4.32446896138356	0.0667138906101882	0.190764354926561	20.7238727887391	23.0479788773933	20.8600483502178	19.7990897786404	17.1427472703542	22.086895207575	19.1439645427404	16.5138410057196	chr20	6930337	6931349	Pi16
chr20,6931646,6932610	0.259355843253536	4.01657418439888	0.00143891600302936	0.0124507088123453	16.6840871242491	18.1978617035551	17.3593276810695	17.7823697429478	15.0389565716148	14.7757463676199	14.4939472054532	14.1673030407953	chr20	6931646	6932610	Pi16
chr2,104460302,104461289	-0.166266654627368	3.02994618255544	0.200542758347864	0.394482132731142	6.45187224116879	8.96298755613602	7.57192039942311	7.29438981347657	8.20975871401214	9.47576522187789	8.54621941951168	7.73151946302971	chr2	104460302	104461289	Crh
chr2,116432407,116433434	-0.0353592709415738	3.69087475339931	0.752003680543817	0.874010925404917	10.755831597415	13.6928329653804	13.5639052716732	12.5037739339525	12.7817810793437	12.4077889150076	13.332705460579	13.1911022963241	chr2	116432407	116433434	Terc
chr2,181101652,181103178	-0.161600547288119	3.62888561364713	0.0940923887899151	0.240655689436017	11.7772482518093	10.8484398734395	12.2089122557331	11.3230983790638	12.313892487398	12.1296816923589	13.4012499445591	13.7889574547477	chr2	181101652	181103178	Gucy1a1
chr2,188843409,188844368	-0.0571057784646614	5.25469780457404	0.528635975992826	0.717412591700323	33.7023897150233	42.5612285031815	33.8740432820693	39.0371011197101	42.7403471303059	41.3974695245836	35.6855850709679	35.3458556751517	chr2	188843409	188844368	Kcnn3
chr2,206221271,206222825	0.112595150624021	4.29212488606184	0.193168353578801	0.385118264712496	17.4160205814917	21.7263102118674	22.1311056067431	19.6591536366827	18.0104875361408	18.122922050693	19.6918305739096	18.9645542405581	chr2	206221271	206222825	Olfml3
chr2,230899928,230901720	0.117202846836649	6.07891829423904	0.0462881660887845	0.148513801406051	73.150456852109	64.8221097914809	71.0018218040634	71.8248358010661	66.1733395149921	59.7360017237	64.7453875290635	68.2512001998267	chr2	230899928	230901720	Camk2d
chr2,240020859,240021947	-0.0461593315719133	2.22644451539769	0.827631366081317	0.919390924429904	4.64450195673278	3.56048268768897	5.06390216673286	4.58433337668907	4.5693649986939	3.28094661711853	4.78629231521121	5.79521633648605	chr2	240020859	240021947	Tacr3
chr2,263895278,263896264	-0.35778778203002	2.35800922955415	0.0639607605524011	0.185404237466694	2.67795243458068	6.07299738546364	4.71002429289298	4.02987204299204	5.3616407659867	5.99262621893692	5.88047445564049	5.17625383406269	chr2	263895278	263896264	Ptger3
chr2,60681911,60682759	-0.0664321813427516	2.19772195300853	0.648195785927812	0.80536012052391	4.50981727145669	4.06173964456846	4.35742684723888	4.44545187787795	4.63748981214969	4.25286055547314	4.51219155161145	4.79382660948481	chr2	60681911	60682759	Rai14
chr2,60682919,60683648	-0.39760529422722	2.23744048969876	0.00504305989786739	0.0310507126707129	4.30986162139165	3.83622180287462	3.92915130586333	3.68237840709184	4.69569723542351	5.78271591043738	5.33312841450005	4.98276335198679	chr2	60682919	60683648	Rai14
chr2,61950209,61950599	-0.383020628677722	1.55814141598395	0.0384916403768695	0.130733584633203	2.21840264168691	2.64781238547512	2.71036864685304	2.15429358281085	2.64115294239899	3.55297741753776	3.48781009250714	3.01496702395729	chr2	61950209	61950599	Npr3
chr3,107761116,107761689	-0.140714771317983	3.47748499148982	0.237551766344437	0.438556383812081	12.1231649771393	9.81612507380686	10.3588825832191	9.51852935250249	9.85233629131057	13.3767786151504	12.1024710467247	10.8171958179366	chr3	107761116	107761689	Meis2
chr3,110323811,110324441	-0.206726542865099	3.97100811990499	0.0569881252636119	0.171077827328004	14.9413289455962	12.6330073934352	16.2712222766889	13.8244174493009	15.0887166383561	14.5022579011397	18.0518171389869	18.9200791943827	chr3	110323811	110324441	Bmf
chr3,110491909,110493559	0.100064842939645	4.40467714719131	0.252855387765252	0.457033982315812	20.3831723526028	24.4399209697113	20.580400291989	21.742309554253	20.667764566364	22.7862381887866	19.6207930637246	18.2216525952341	chr3	110491909	110493559	Ankrd63
chr3,148214001,148214771	0.199929095351199	4.47923371915446	0.005966530276124	0.0351666019284932	25.3078393636128	23.2258875172405	22.8636834771998	23.4097810659316	20.2649879581775	22.0914810304847	20.578911103143	19.6751127446462	chr3	148214001	148214771	Id1
chr3,148215347,148215942	0.0287492579787094	3.13791075620862	0.830494261939851	0.920889839657276	6.5123579202442	10.5053406377385	9.42214704146309	8.6138766994605	8.61069052619794	8.50353510636812	8.82012299444083	8.39561011612215	chr3	148215347	148215942	Id1
chr3,152856990,152857875	0.0524254379752245	3.64791115691899	0.652960084385394	0.808365611943681	15.3587144338603	10.5750522995166	12.2895350880719	12.2264516040188	11.5183335528941	12.1972336846198	12.4436601018068	12.5362952258235	chr3	152856990	152857875	Myl9
chr3,154043593,154044300	0.00147534704221532	2.38356055109268	1	1	3.68980727196552	6.81186840556652	5.42464933203719	4.44741979226384	4.36156400979554	6.26811990155145	5.47060604723417	4.25084120079216	chr3	154043593	154044300	Nnat
chr3,154626904,154627519	-0.38032936951645	2.3582836252345	0.00760227181939603	0.0418830900106336	5.05325025049396	4.06128171152613	4.00462797116593	4.16832753626349	5.29406553511169	6.40932368420836	5.53757233952806	5.30908749312017	chr3	154626904	154627519	Tgm2
chr3,170039628,170041276	-0.313994304078549	2.11399649217738	0.0437580787291211	0.142726938691024	4.10812657407606	3.83086640726148	3.15095926081197	3.82029284010778	4.83781305474171	5.3638648881485	4.23766608481877	4.1245378327778	chr3	170039628	170041276	Cbln4
chr3,175478873,175479821	-0.0318186444975479	4.34162117808373	0.725646606966212	0.857176907170881	20.9320291621458	20.5581011150997	17.4461946004655	20.6991388904289	21.9353849331305	22.2299373222634	18.6621377345956	18.6184650321168	chr3	175478873	175479821	Hrh3
chr3,175885458,175886020	-0.152804967801242	1.94624775840012	0.558237236559749	0.740113738129303	3.9064102681337	3.46629406526368	2.16051351577059	4.51209921811343	5.99422590223652	3.76438464079969	2.59419833216112	3.26901401729452	chr3	175885458	175886020	Ntsr1
chr3,176547472,176549013	-0.308189618091159	3.47637340129674	0.00339157395322442	0.0232952661139055	9.35031784669154	10.889177655642	9.36227414612172	9.6558608556798	12.0536694581175	13.5871969616201	11.8271358696943	11.1420196077893	chr3	176547472	176549013	Chrna4
chr3,2181544,2182899	-0.0249675304596488	6.95255603579304	0.612255221049313	0.779548658850542	119.572803393782	126.701984959858	117.300763787859	127.048056673606	132.351240415853	124.969361803663	119.712218052146	122.100579148701	chr3	2181544	2182899	Pnpla7
chr3,3311442,3312407	0.159416982556711	2.85157094303026	0.167333531004864	0.351566078463562	8.01149955453085	7.30176393839183	7.07642342660205	7.50208766812565	6.75655971044793	7.0383714607931	6.56303058504111	6.42567196140441	chr3	3311442	3312407	Kcnt1
chr3,3325216,3326540	-0.508697240320976	3.53747671213485	6.19571584161461e-06	0.000208081969642391	11.1820961989562	8.64038715031352	8.08555262022835	9.863026755202	14.5153549425054	13.8689585212494	12.2356847643486	13.1849720179531	chr3	3325216	3326540	Kcnt1
chr3,50120958,50122078	-0.187028281906409	3.18138049686708	0.102471015273183	0.254606932700158	7.32753168882749	9.0526974650957	8.21634330387286	8.82087518516017	10.4088572813078	8.9232612196995	9.09209228305305	9.5803235384654	chr3	50120958	50122078	Fign
chr3,63187904,63188491	-0.419284182541211	1.70848351009697	0.0263228501576603	0.100669576765707	3.50752779087199	2.00834267405768	2.71402297133279	2.43202926922152	3.10587263811805	3.34655433550807	3.82943004343545	4.01047705372577	chr3	63187904	63188491	Pde11a
chr3,93648809,93649807	0.0697230392475933	3.06594504961462	0.547760788224041	0.732016425029435	7.19146749492489	9.12680779000168	8.78271340652746	8.68248004018782	8.48320257297786	7.45971301629834	7.99902639559759	8.20381640135015	chr3	93648809	93649807	AABR07053136.1
chr4,117295315,117296543	-0.226316591727149	4.67931682986223	0.000815617466903708	0.00812373852648374	24.7007124058285	22.27597971556	22.8623082495939	24.03382740017	28.2205712975645	26.4175694067966	26.8682166777618	28.3513021238104	chr4	117295315	117296543	Egr4
chr4,144192603,144193249	-0.0756795378025351	3.64837485193322	0.487980478880048	0.684625516888929	11.84171631021	11.2194574293715	13.5586578238961	11.6707618509908	11.7807137479267	11.4340512871937	13.6756695021087	13.9905921266343	chr4	144192603	144193249	Lmcd1
chr4,144416942,144417529	-0.272406897977602	2.31758786418751	0.0850240450239497	0.224771133176704	4.23793093379404	5.0690013458766	3.72317597482346	4.51482761445147	5.76881434221267	6.1996485596058	4.71579656484182	4.5142034894694	chr4	144416942	144417529	Oxtr
chr4,150243796,150244729	-0.0523374108008981	2.81665493754208	0.70967112695971	0.846933121851615	8.35642075437837	5.84391786999442	5.93861368616329	6.94602988820681	7.35598540616793	7.24793751296434	6.56218088011689	6.95357776147128	chr4	150243796	150244729	Ret
chr4,18395085,18396019	-0.106501901068455	2.99670129053725	0.404706337761917	0.611525589321064	7.60414893024188	7.23108042286538	8.56064174031795	6.809246296689	6.80686051485	8.22417088807703	9.09543062456845	8.40221967159517	chr4	18395085	18396019	Sema3a
chr4,50860140,50861640	-0.399907960398024	3.32942019657576	0.000163557319282045	0.00244908946839787	8.81698968469911	8.11725882521702	9.06642432676303	8.12823806724676	10.2561201281369	11.0826421198066	11.897510769753	11.8171547369314	chr4	50860140	50861640	Cadps2
chr4,55407593,55408750	-0.410789473484596	2.82166751730543	0.00590530001186191	0.0349154928384563	6.93904988976631	4.67236081912723	5.99980363093758	6.11242213584245	8.0826937144472	6.34765059232436	7.79376069519233	9.33855277135482	chr4	55407593	55408750	Grm8
chr4,55408857,55409695	-0.334923470185774	3.27738025389217	0.00417665171413615	0.02707174959442	6.9882421618316	9.19905017101091	8.92406854958404	8.6824835306034	11.1324213009337	9.55194182847074	10.5970348639407	11.2936413948819	chr4	55408857	55409695	Grm8
chr5,142688671,142689318	0.10291093184477	2.17822991867681	0.570413568100163	0.749402429217612	3.6937309102553	5.21699575992622	5.34688154652816	3.96109522674241	3.43269724411893	4.66805153325465	4.85607155682166	3.99793406397447	chr5	142688671	142689318	Fhl3
chr5,148354348,148354977	-0.0306957323340075	2.32081547259196	0.854589040699376	0.935299151052567	4.8451597432005	5.00794955143144	4.997980855457	4.37743849221396	4.29665778215326	5.57326512106212	5.19683780998311	4.58716884985133	chr5	148354348	148354977	Hcrtr1
chr5,151182114,151183016	-0.168043373028133	2.01082139140474	0.289396300878325	0.49831791730401	3.49750572842569	4.11620535649933	3.36161554725651	3.68157524371181	4.24068616270727	4.6675275432275	3.89632459300343	3.66610286158804	chr5	151182114	151183016	Fgr
chr5,155811444,155812519	-0.0572047204792921	4.34461929636864	0.527230370530398	0.716250164161227	18.9723280497995	19.537716588397	22.2696295282339	18.3406112252172	18.0640751769403	20.2829268537636	22.6332500743288	21.3309014946508	chr5	155811444	155812519	AABR07073181.1
chr5,156810385,156812600	-0.434319785666314	4.58430953781127	6.8833107550135e-09	1.05109897839374e-06	20.2544224117243	19.3983037794169	20.3578097545674	21.0464820845134	28.5543076951778	24.6778715615362	26.7998653986594	29.47586213757	chr5	156810385	156812600	Fam43b
chr5,172363938,172364565	-0.130860666088077	4.27506797078447	0.0762869651064563	0.208650499598338	18.0323947017236	18.8640000714044	18.4291452370514	18.061105141155	19.6018417451694	20.768777380558	20.3058777600344	19.6800630030515	chr5	172363938	172364565	Hes5
chr5,173221520,173222292	0.301221259667666	4.22418254396605	0.000750398957189937	0.0076715574746278	17.3473596270844	22.5304597165463	21.0689429616905	21.1161992292242	17.6934816786977	15.8235061573988	16.4766073498548	16.5332839078178	chr5	173221520	173222292	Vwa1
chr5,20188823,20189844	-0.262168043700687	4.41864300009607	0.000284139766104876	0.00372780866602085	20.7997676167978	18.0764889295879	19.2161281890415	19.1029299417934	22.5154143383751	22.9313098976416	23.3824526816004	23.822903207423	chr5	20188823	20189844	Tox
chr5,67707621,67709416	-0.10911308457709	4.21269104369796	0.166388981824315	0.350261775634764	16.4127011155602	19.0002132739953	17.8571760051118	17.5746269039919	18.9419341238873	19.6538141974311	19.143351990004	18.6296280465224	chr5	67707621	67709416	AABR07048211.1
chr6,104718082,104719117	-0.231141640014537	3.11028381008026	0.0483134038233988	0.153034810247741	8.21231937519104	7.01943728313581	8.42242875292235	7.57217022525676	8.47015624366837	8.43586761375651	9.70961754883151	10.0509334053344	chr6	104718082	104719117	Smoc1
chr6,108414429,108415402	0.339753638603718	2.52774668046338	0.0654068839126692	0.188224223301642	6.32541486223448	7.27554309283682	4.66174770409547	6.94477606233175	6.10980881520606	5.99001856095346	3.96253593202285	3.85242485303848	chr6	108414429	108415402	Syndig1l
chr6,109299776,109301332	0.092903184787433	5.93354902763878	0.185295081750317	0.375497496587027	62.175319576247	65.2977475492186	57.3052097591029	67.0301711112047	65.7280650653632	59.5917316204685	54.486916146362	56.2848591163133	chr6	109299776	109301332	Fos
chr6,126170358,126171143	-0.0750773860397899	2.12662864844467	0.657651841426487	0.811480470390454	4.44401548639037	4.34369960502899	3.86096719400803	3.82140490006916	3.83426863184435	5.43190290964984	4.37568422656985	3.72910787670281	chr6	126170358	126171143	Rin3
chr6,136719201,136720872	0.0250269601027666	4.71186847460427	0.726570217631413	0.857724146573738	27.5941414600891	25.9514180684087	24.7246570450418	26.8818673922186	26.8312824652565	26.6235024054133	24.8850143230574	25.0579836594318	chr6	136719201	136720872	Kif26a
chr6,25617204,25618011	0.0264223657328665	4.54436285534232	0.76630425519119	0.882792747015654	21.3227668036109	25.4806880826142	21.6549079601415	25.2130470400639	26.1849445735862	22.4440107448678	21.1233825859521	22.1703130678445	chr6	25617204	25618011	Fosl2
chr6,27023112,27024747	-0.201780050041647	4.53020384737009	0.00918692281322451	0.0478559669049301	21.6013682879363	20.8675057410275	20.1519244485886	22.7821937865485	27.0401748791749	22.9338220141248	23.0382704305913	25.2004316328369	chr6	27023112	27024747	Dpysl5
chr6,42472869,42474157	-0.504048453870198	3.38749162603104	6.87896929209671e-05	0.00128288119553121	8.41045780038371	9.70624453344376	7.93535169248402	8.05890685628982	11.3184819327152	14.9074214233675	11.7587443283323	10.4124302655643	chr6	42472869	42474157	Kcnf1
chr6,43001490,43002544	0.175954835896111	4.36580978632401	0.0380913943586813	0.129745563062386	22.4106882147152	22.8379734255116	20.4381721804591	21.2566726609839	18.7405520421062	22.0882249422287	18.9376798062513	17.2376480600291	chr6	43001490	43002544	Hpcal1
chr6,46630607,46633004	-0.290713220864931	5.23811119301575	6.50164021665155e-05	0.00122967133661211	34.9949720557387	32.3738411708595	31.7260170113255	36.1189079125089	45.4557440796542	38.4076126309729	38.694357243998	42.8535183917168	chr6	46630607	46633004	Sox11
chr6,49825060,49825811	-0.388543890520999	1.99814256181405	0.0328809711579236	0.117343337608799	2.48208652557114	4.32173509242249	3.00487488211149	3.54205797008228	5.11096238323906	4.52979568516286	3.89560057631405	3.92886893084857	chr6	49825060	49825811	Alkal2
chr6,72359427,72360662	-0.61573544506808	2.35750327052512	2.6468743660816e-06	0.000107473453138076	3.90254843529522	3.83581231755413	4.06986938599632	3.89012560266209	5.82596628855445	5.71644854594684	6.15353311938267	6.36998837574164	chr6	72359427	72360662	Coch
chr6,79253734,79256553	-0.333590522869859	5.04353041703593	0.000323891546531913	0.00411936956096501	25.9636134151147	30.7947845446413	33.0515420915038	26.3993082680802	31.3703735242741	37.4270000559679	40.4783985286078	37.1401849084136	chr6	79253734	79256553	Sstr1
chr7,105591515,105593404	-0.479108363631492	4.65805513009884	4.51280870321806e-11	1.82481344551747e-08	20.9272689414642	20.0618051839713	21.4267704883534	21.3943126399413	29.6759109028282	26.4898534464124	29.0565920625329	31.5768102258927	chr7	105591515	105593404	Adcy8
chr7,107615515,107616353	-0.314581276892905	2.52472444978068	0.0163251435368809	0.0719760135434595	4.77566370958381	4.86865504666951	5.14150814536506	5.20925962625576	6.49446961733086	5.43933768210038	6.15298852036496	6.76683646360822	chr7	107615515	107616353	Sla
chr7,126460271,126461236	-0.110811640575002	3.51265202897414	0.272563888190847	0.479929131076014	11.4432016484658	10.3294905842213	11.2822474448398	10.2818311297787	10.6532779694232	12.0569022717281	12.3076316570152	11.811456790172	chr7	126460271	126461236	Wnt7b
chr7,126461794,126462283	-0.107656453789673	2.65584516823643	0.379019516069361	0.588438383351001	6.05707791310179	6.04236008915206	5.71735976730069	5.90454709473982	6.35792581333079	6.82890851995267	6.2896276642642	6.09713873357224	chr7	126461794	126462283	Wnt7b
chr7,3131951,3133091	0.0306206315195199	4.45375201731983	0.737220827870003	0.864628938215495	24.0990644575678	19.5639685812565	23.4918065930384	20.8408164825448	19.3916996420822	20.9804419953486	23.1109929463588	22.7121930928002	chr7	3131951	3133091	Pmel
chr7,3133265,3133799	0.317985249098695	2.64384271941029	0.0146741303780915	0.066787916172838	6.8640883322818	7.2871091793664	6.29197943922009	6.73818571521731	5.49797054104914	6.26971045336389	5.26384703371024	4.77853964336324	chr7	3133265	3133799	Pmel
chr7,70630339,70631051	0.132382403604646	3.68021538208276	0.264758790903457	0.470998256061719	10.4143851637398	16.0232536451594	13.2864622457058	13.4063284604916	12.7899695140281	12.4750664596413	11.8957243990687	11.2752727703192	chr7	70630339	70631051	Gli1
chr7,94374681,94375588	0.00546665439816634	2.87086970193031	1	1	7.87813547777018	5.92393578088448	8.27384021595235	6.66983347874397	6.14738830399688	6.34542369028547	8.00131317329126	8.15116073390829	chr7	94374681	94375588	Nov
chr7,95668644,95669913	-0.228967780085626	2.95943671206723	0.119877798402097	0.282448449290482	6.38777703462202	6.57071054281926	8.55407932097718	6.60014866757397	7.27457074357482	6.83501539883156	9.23222404917367	9.59940085708679	chr7	95668644	95669913	Sntb1
chr8,43335580,43336450	-0.0353119259528016	2.46966399478928	0.841593258922759	0.927372068235061	5.31570639085072	5.52439020401217	5.71004716551187	4.79447824492145	4.62512658203857	6.130940099619	5.94943111166073	5.17841777755547	chr8	43335580	43336450	RGD1311744
chr8,53223363,53224183	-0.325996114709108	2.1403420403117	0.0536080984227982	0.164186001436151	4.03967821578778	3.9759055367952	3.78609578828107	3.33560458517191	3.89604359321944	5.98896916625414	4.99162388286593	4.12281699838714	chr8	53223363	53224183	Htr3a
chr8,63599043,63600131	-0.413067737299076	2.95359327112467	0.00809240024047119	0.0437638988199003	6.25596025572805	7.0644337487845	5.22924184955317	7.49960897384402	11.0899037698363	8.50383868457251	7.0381969415329	8.06159623205827	chr8	63599043	63600131	Hcn4
chr8,64363877,64364989	-0.120901710043402	4.71053215627806	0.179923829679603	0.368722943148551	30.0321289428943	22.21852104676	23.2967960511676	24.1744686857965	25.8236686165429	29.3392781473337	26.9370892723618	26.4367849388996	chr8	64363877	64364989	Celf6
chr8,93491518,93492479	-0.367127307373483	2.30839976480458	0.0305717329708478	0.111414964209402	3.22158662064452	5.2791482996394	4.56684621964696	3.75234387752006	4.69285051839029	6.26957498371711	5.81244553654181	4.91242351796876	chr8	93491518	93492479	Tpbg
chr8,93492580,93493450	-0.319522364923514	2.10574462339444	0.04130453102317	0.137134225952391	2.95411742010925	4.33247231602008	3.64401909383462	3.88945813758613	5.10697992832652	4.46139524666677	4.37485505096915	4.52542481492321	chr8	93492580	93493450	Tpbg
chr9,110057001,110057665	-0.73199637876123	1.85561033932291	7.04049587159014e-06	0.000230378902206856	2.76035004631178	2.36582676050898	2.50183789331382	2.77804292337111	4.70804472265074	3.76603463449207	4.03284059371398	4.79800537205652	chr9	110057001	110057665	AABR07068587.1
chr9,72053003,72054402	-0.0297849776969661	2.56303631102429	0.88069853703699	0.950224950574262	4.43114099949036	6.32520464100308	6.49079285515701	5.62684166315775	5.76131053713421	5.22966596098069	6.1540576931038	6.17302980943187	chr9	72053003	72054402	Pth2r
chr9,77833221,77834695	-0.505894750144743	2.98542661236059	9.1287976996426e-05	0.00159177077583384	7.34197875426111	5.33136463613433	6.42896546152536	6.52936701795298	9.14055061851901	7.94929995539276	9.02445230869949	10.3180346306773	chr9	77833221	77834695	Vwc2l
chr9,82476027,82477436	-0.0727416954486642	4.06103900010384	0.393337206564736	0.601511476415366	15.1352985750654	17.4508620062945	15.6476449774579	16.323755826477	17.4234313520442	17.7017604084629	16.544533766977	16.1985707521126	chr9	82476027	82477436	Resp18
chr9,82555099,82556121	-0.364515528069838	2.76873706223103	0.0037607960912815	0.0250919604025527	5.65090272559427	5.82387519779996	6.42177291146848	5.41928302175155	6.61267375515492	7.5274218046249	8.13747896066103	7.74574254638542	chr9	82555099	82556121	Des
chr9,94251484,94252312	0.0890922369329004	1.94106888703678	0.566607233529003	0.746466175898924	3.63190001547831	3.61757694318197	3.99795696003975	4.02833320326107	3.84536233105723	2.99954593030529	3.55503306954117	3.94325889280384	chr9	94251484	94252312	Ecel1
chrX,107614138,107615017	-0.14743863914635	3.75462139894668	0.15965978126482	0.340723962252821	11.2969050568495	13.4763398515892	14.201477260141	11.7411868398889	12.4377256285316	14.2875994678211	15.3170670813476	14.107434011383	chrX	107614138	107615017	Tmsb15b2
chrX,108286678,108287451	-0.456014627028481	1.9888120860971	0.0108799658420754	0.053990320006531	3.16198220530968	3.81698274899714	2.79202339303309	3.12621211246388	4.30336972097751	5.70987661970545	4.10114725494915	3.59427286434594	chrX	108286678	108287451	Il1rapl2
chrX,118084306,118085288	-0.303299764698876	2.27300197217301	0.0895766436997502	0.232990047708481	3.35727260961113	5.49435672326976	3.93245354185028	4.0294238570583	5.09876118161752	6.40738473760499	4.99034821234073	4.24929744395175	chrX	118084306	118085288	Htr2c
chrX,1369217,1369693	-0.389389350237197	1.5538320062861	0.0563937836136356	0.169842422550044	1.53951307767333	3.07673289046489	2.63977962812175	2.4312274339536	3.38113029527844	2.7896338437241	3.2134403364617	3.2826011942024	chrX	1369217	1369693	Timp1
chrX,32354807,32356141	0.0571280178645552	6.22388316223385	0.28921015645459	0.49816330725922	81.2287228387986	74.5325346631636	72.5128284109817	75.9936417385351	73.057075130093	77.3620143287976	71.9234132025365	70.2618610573149	chrX	32354807	32356141	Ap1s2
chrX,72132975,72134138	-0.253186817351313	3.57805366132838	0.0398746651671587	0.133860588074028	10.0216266563086	12.0652142720166	9.15843621336906	11.8067353771464	15.1909091146055	13.2416514636766	11.1408311924429	11.7318360193	chrX	72132975	72134138	Cited1
chrX,92595958,92596805	-0.167080302807212	2.89096376855202	0.231129539095004	0.43115608805558	5.77895419003239	6.99995353632771	7.42251339926041	7.2233679308366	8.2863811070538	6.20810558958858	7.65718083719599	8.60885423452936	chrX	92595958	92596805	AABR07040095.1
chr10,105771006,105772364	0.41167734299356	3.47507579581631	0.000106075383246818	0.00177358334829936	12.9895752280527	11.372092381151	13.7757026041263	12.0876613522195	8.73512525426381	8.78409781640014	10.1886714916204	10.0469339385448	chr10	105771006	105772364	Mxra7
chr10,108691200,108691961	-0.318881428600056	3.07999356035464	0.00525527750213813	0.0320294914855389	7.4019602630527	7.73302014299999	6.65155221076821	7.77906743933529	10.0772505970594	9.54772262165793	8.47600258173651	8.78597786697947	chr10	108691200	108691961	Nptx1
chr10,45923065,45924138	-0.353725668231604	2.74102652434474	0.0181165504886901	0.077523371685195	5.65161582152883	6.39787010710177	4.65606485114286	6.25043680370316	8.62664744025431	8.08245969916277	6.21877145591821	6.41628055987291	chr10	45923065	45924138	Olr1462
chr10,59584595,59585874	-0.0753111448813978	6.15242212044614	0.0796227690845217	0.214910940471305	68.096581473273	70.1707197252013	70.0727880863808	68.2141697127016	71.1317311884821	74.1582035257114	73.8390370419175	72.2380294807074	chr10	59584595	59585874	Camkk1
chr10,86931909,86932563	-0.0163237441173289	5.62867639874714	0.802949184746436	0.904747496631719	46.2896335154234	52.8271334175717	46.8676406259677	50.2909928217018	52.1367915936427	51.4355413775511	47.7199945379866	47.1642631499317	chr10	86931909	86932563	Top2a
chr11,57207126,57208239	-0.124085087756451	5.78650434539504	0.0200942391438281	0.0833968534099437	49.3842107603104	54.3902366697832	54.9952482448793	52.0290190731161	56.0966156044102	56.4567583109829	58.7982735256699	58.2680843310951	chr11	57207126	57208239	Plcxd2
chr11,72157430,72158093	-0.0492493936442911	2.21106391627287	0.764995348040779	0.882144969636844	4.848677026746	4.20725532918659	3.7940928529361	4.79197340701315	5.24223529276373	4.60003531647298	4.03216924140953	4.39276079844231	chr11	72157430	72158093	Meltf
chr1,174495153,174495766	-0.159062118314991	1.73351149271279	0.464686636045285	0.664660568405536	3.09607656486891	3.23751667463917	3.28213123667448	2.43300251906615	2.36985134267734	4.38640774900805	3.83015283839516	2.87781639127414	chr1	174495153	174495766	Scube2
chr1,176981624,176983317	-0.357669269178203	4.08906961021066	3.18850128480557e-05	0.00071851466841691	14.6687074086546	14.09042310387	15.9202489842234	14.4491237276781	17.9419241078224	17.6365829446928	19.7599010757393	20.4196220732812	chr1	176981624	176983317	Dkk3
chr1,198454643,198455101	0.0802465860013615	3.22863457628674	0.560300048813803	0.741707411265809	8.87819677110961	10.5213831040846	10.1370550388621	8.47681440705458	7.53469278696345	10.5889616306867	9.77861215504155	8.05755222070429	chr1	198454643	198455101	Prrt2
chr1,208020112,208021131	0.00468173060306509	5.34030316484503	0.941258500750209	0.980600301759186	41.1165724350368	39.4452770323946	39.6484526146595	41.5384970644962	41.8010741216032	39.0328538397001	39.5164777213618	40.8800779020821	chr1	208020112	208021131	Mki67
chr1,219167625,219168460	0.0779402084963197	4.0152703034602	0.356633915468915	0.566446192437198	15.2689330148078	17.6739525631462	16.7135212082184	16.2549619752677	15.3643254822307	16.2382522399268	15.7935316553549	15.01907933489	chr1	219167625	219168460	Aldh3b1
chr1,226501336,226502475	-0.0733231072153874	4.24973494953598	0.487520472063037	0.684258663726869	21.2777845749971	16.7556882444717	15.5920758425828	19.9338121246785	22.0104028153135	19.2371119938537	17.22564532207	18.958269452741	chr1	226501336	226502475	Lrrc10b
chr13,108178326,108179088	-0.129870226706122	5.25705759753442	0.0269245210872075	0.102142326988967	37.0118536613463	37.2186218905957	35.1504336220416	36.1215412365754	39.474463868144	42.3733810445314	39.2432065741359	38.1775786472848	chr13	108178326	108179088	Cenpf
chr14,85310813,85311804	-0.0458094701795822	4.52515069363913	0.525354882993776	0.714720135298264	23.0154866179525	21.5366656511939	23.6371859542306	21.8820467274877	21.9147402065184	22.7923397791692	24.2723827706282	24.0206613401483	chr14	85310813	85311804	Rasl10a
chr14,85312737,85312967	-0.0313253805460728	2.13001341586752	0.888257764872554	0.954199161151699	3.69657272321181	5.13554298088688	3.72086239390005	4.23721578389185	4.50703430456035	5.1540792065654	3.96440086188982	3.52975555753269	chr14	85312737	85312967	Rasl10a
chr15,51064888,51065757	-0.647728583472062	3.42025355638123	7.25739283182188e-06	0.000235137578585542	10.4464660204224	6.08633930054619	8.21494848290921	8.05822566126638	12.1137057142817	11.0172858282731	13.1273148885333	15.1843844624987	chr15	51064888	51065757	Nkx3-1
chr15,58015939,58016848	0.32485795669884	3.92937623899013	0.000168401124218615	0.00250288332075309	16.2816733675349	16.3712193047476	18.0629996216538	16.5329125125882	12.9778013487626	12.6870994773457	14.0852673854803	13.9155278576768	chr15	58015939	58016848	Kctd4
chr15,60958574,60960057	0.0244066286613669	3.63945448299112	0.825381183438717	0.917891949704664	13.6673629926719	11.8776405605073	11.0839761047316	13.058053456455	13.257123313786	12.4753891530177	11.3474489706307	11.805149190757	chr15	60958574	60960057	Dgkh
chr17,60536978,60538530	-0.254109574283453	4.04072569859478	0.0290373437387884	0.107583536914273	12.4360546814051	17.1397860613275	16.6294210864809	13.3397353743484	15.1474647140955	19.4420427933321	19.488052220499	16.9199848127045	chr17	60536978	60538530	Mkx
chr18,27550045,27550816	-0.0407715648011566	5.64233300783174	0.431301408110435	0.636051164818186	48.1106416878042	49.5332271119309	50.7825437948667	48.0004734816789	48.5428242845901	50.9491829679489	51.9615332156866	50.5880440257732	chr18	27550045	27550816	Cdc25c
chr1,89483482,89484250	0.0133985599030967	3.09820544286476	0.923106844410379	0.972547803127961	8.00429454213989	7.8991120655141	9.13633644561754	8.82114943427496	8.74705043566283	6.83543822330328	8.4779257561502	9.46377973452122	chr1	89483482	89484250	Fxyd7
chr1,99761839,99762588	0.530630144729341	3.94042231911482	2.35075068692952e-09	4.48943761136268e-07	17.7634982899162	17.4780329743517	17.5757539224913	19.2396307726792	13.7897713248144	11.4334095346375	11.9635183400718	12.6654900931456	chr1	99761839	99762588	Klk6
chr20,21316351,21317440	-0.165335046995493	2.78110777201743	0.432944214297584	0.637456029827596	7.07122467029674	4.31843822684933	7.48672088271059	6.45989624244644	6.81831754401381	4.39981789578197	7.45304102469686	9.75282899656489	chr20	21316351	21317440	Cabcoco1
chr2,185168250,185169270	-0.117424478646671	2.99431887363078	0.343693579772474	0.554275374218256	6.24894151911189	8.67332067146042	7.71261757909053	7.43286551791798	8.21376260241041	8.36315404830036	8.20437645103183	7.80280399534187	chr2	185168250	185169270	Fam160a1
chr2,212246304,212247977	-0.389510307187045	4.13033711503628	6.31375740120119e-07	3.60691455766648e-05	15.2762801960937	14.6022343920924	15.0011936534532	15.2123235153566	19.8717755700213	18.8900265511634	19.4848039344996	20.4784893113549	chr2	212246304	212247977	Vav3
chr2,21698529,21699816	-0.393889328593968	3.84519855674728	6.15426505343001e-05	0.00118251090743912	10.6899074622506	13.6143629720888	13.2776225054765	11.6018251614737	14.8922912415719	16.7263017100946	17.0253878383923	15.9417027060532	chr2	21698529	21699816	AABR07007642.1
chr2,84530784,84531806	-0.0310038683232755	4.41354311863577	0.662993748834153	0.815154586960503	21.1300827179654	21.0808308489773	20.7880428763763	20.7700078931137	21.1268870840908	22.0235271897096	21.467912386027	20.9924619798323	chr2	84530784	84531806	Ropn1l
chr3,120233319,120234261	0.277517489593755	3.69236559185576	0.0149481341706069	0.0676606153087799	17.0416837085845	12.6275096315089	12.4424689116359	13.9624210575955	11.6580532912584	12.751477474231	11.074697526468	10.8166916758014	chr3	120233319	120234261	Mal
chr3,123235747,123237119	0.121782980607126	3.70444673709663	0.384143288901269	0.593090492821457	10.3459398250545	16.3888347924208	12.2253873864876	14.8626770982553	15.1292532770265	11.8502194721288	10.936158762194	11.5378690536116	chr3	123235747	123237119	Slc4a11
chr3,176102230,176102923	0.0395362417808101	4.04296226367611	0.693472984718039	0.836088694704676	16.6210049508273	16.7311436494001	14.7999745477347	18.1275522706455	18.7004383430056	15.544202143738	14.4913685174649	15.7430122767931	chr3	176102230	176102923	Col9a3
chr4,153773851,153774962	0.11622783988856	4.39793495067424	0.178424892488582	0.366780325806905	24.6407959697904	20.8726920933163	19.7996284489262	21.8116931378099	20.2689484228171	22.090275787756	19.3472104529577	18.7529605120304	chr4	153773851	153774962	Tuba8
chr4,45331894,45334141	-0.170299366424584	4.11517063443247	0.0549691301986848	0.166904603898463	17.9083354920144	14.2548576641362	16.3567519486946	16.1157657382427	17.8140547950504	16.9395635349036	18.4600065951557	19.5659135878789	chr4	45331894	45334141	Wnt2
chr4,87167054,87168295	0.108819031187224	3.88771543724137	0.220387382401553	0.418782891643874	15.5458234864468	14.8229634155724	15.9948104185551	14.5192038798594	12.9716102333329	14.4963718374993	14.9058913812269	14.1064903669143	chr4	87167054	87168295	Fkbp9
chr4,9966261,9967355	0.00347691245212211	6.38512717815338	0.936040560346643	0.978248748136682	83.2384463006409	81.9772153594697	84.8588015311846	84.1205999773438	83.6557680440153	80.5038140682802	83.888978668044	85.303208164269	chr4	9966261	9967355	Napepld
chr4,9980999,9981914	0.107757198718142	3.34290203821846	0.334062914463037	0.544843244829589	9.68531956101448	10.0320449447962	11.6313707181471	10.2116097517194	9.26867880468766	8.50671127329788	10.2567200366577	10.5097961243751	chr4	9980999	9981914	Napepld
chr5,138469254,138470645	-0.0182913928996917	5.12651705658687	0.820929832409971	0.915008272373552	33.1700422704656	36.10637623565	31.8715662698507	37.160622857175	39.432585905828	34.2231482163899	32.2672686754112	34.1131415300187	chr5	138469254	138470645	Zmynd12
chr5,158438876,158439757	0.0506977466333968	2.34436930649961	0.770693349598025	0.885268430062225	5.79349728636498	4.58132531714805	4.50695814570372	5.2093437889142	5.10341172395695	4.94828739073456	4.57988075657299	4.78835062144101	chr5	158438876	158439757	Klhdc7a
chr5,75318199,75319088	0.0119156681589394	2.34982712723356	0.968729719695425	0.996100870623611	4.84366574714479	5.08414928731699	4.85915793660195	5.13993901904764	5.16937281910214	4.87919503907578	4.78533811638515	4.92040871811967	chr5	75318199	75319088	Svep1
chr6,106969921,106971681	-0.0208327437992476	5.30069349865024	0.782217910014009	0.892081153114595	34.0354269285111	41.62697716952	41.2071038392011	39.1775460330375	40.0080082191893	37.430898747978	40.2699733919012	40.4885354727635	chr6	106969921	106971681	Dpf3
chr6,122238735,122239909	0.097834778114645	5.75107371632138	0.0431687894335819	0.141435820568174	53.8964914899383	56.2398710351529	57.1408960397432	54.9464444615794	50.9311287615714	51.8557868861104	52.9867565182452	51.834021413573	chr6	122238735	122239909	Galc
chr6,95997261,95998318	-0.287464929221222	2.52469918290763	0.0330889421042315	0.117864700710944	4.84308354676313	4.79787587221826	5.35375358163055	5.20940605585469	6.36092073007318	5.2307981830894	6.15312665705627	6.90116525775795	chr6	95997261	95998318	Six4
chr7,101138473,101140198	-0.290438033587592	4.90952883829585	3.96582851501518e-05	0.000847757335337606	28.4698710554127	24.5717342185882	27.356204235961	27.1601287004063	32.7190534356586	30.3923167320838	33.0907495819918	35.3816977380376	chr7	101138473	101140198	AABR07058124.4
chr7,101138473,101140198.1	-0.290438033587592	4.90952883829585	3.96582851501518e-05	0.000847757335337606	28.4698710554127	24.5717342185882	27.356204235961	27.1601287004063	32.7190534356586	30.3923167320838	33.0907495819918	35.3816977380376	chr7	101138473	101140198	Fam84b
chr7,101140845,101141580	-0.290616300873909	3.81587022490676	0.00101239441412957	0.009553861810836	12.6512923725585	12.9666322250948	11.9346615725929	12.5729384582719	15.433486460776	16.3070885570173	14.9036239930146	14.6903343415213	chr7	101140845	101141580	Fam84b
chr7,11301581,11302146	0.0702311099271519	3.20796686049152	0.514187176344826	0.706137126749266	9.21800421927734	9.50601817572263	8.86251951660529	9.72412384883761	9.54527278963766	8.78239671897039	8.47675706045565	8.72409422414517	chr7	11301581	11302146	Tjp3
chr7,12219311,12220360	-0.11184231106666	3.06649635242548	0.404301879027736	0.611126568826326	6.65283291085248	9.25966424112745	8.49427152569434	7.29518869762632	7.67305585243402	9.5454724393369	9.09433004593243	7.93018408982964	chr7	12219311	12220360	Plk5
chr7,12221199,12221737	-0.000239283753009141	2.23921725463796	1	1	3.42215388517207	5.36162098688692	4.99500825984318	4.58465782465057	4.70419255792494	4.25299162425495	4.71780792730498	4.65959740672274	chr7	12221199	12221737	Plk5
chr7,141370209,141371002	0.315591934855799	4.91480036956521	0.00284195043460367	0.0204863274979631	41.0053904731113	29.5203897376113	31.7949348356759	30.9139607132275	23.8268064515561	30.7300554828032	27.6221187300642	24.9190835952795	chr7	141370209	141371002	Gpd1
chr7,70474797,70475558	0.0180421002449243	3.40804616728788	0.873982081015213	0.946363931572475	9.88750439842702	10.2519971496416	11.2793530781289	10.7664952879208	10.5994169975037	9.13430207672152	10.597554962238	11.2969258646878	chr7	70474797	70475558	Arhgef25
chr8,39907966,39908576	-0.010323791961288	3.33141965904596	0.940309413536864	0.980299015194425	9.55297657352857	9.80599767420399	10.4240127713445	9.79466941762213	9.66694332001489	9.55000717826758	10.3244847704713	10.3056197357288	chr8	39907966	39908576	Robo3
chr8,6810845,6812154	-0.308938920420428	4.06767793986861	0.00107326787681322	0.00999025233945702	12.5038181018407	15.9785063499549	16.2041381614642	14.7266027777159	18.1463864047231	16.9399472426383	19.0075466330889	19.4314571955265	chr8	6810845	6812154	Trpc6
chr9,100829092,100830829	-0.110775856654883	4.62971636076415	0.12912691345594	0.296304572261814	23.0107581178379	23.5169431475518	23.2184811059772	24.9359262011659	27.4999056259271	23.5616713482799	24.6115581735123	26.5150832628353	chr9	100829092	100830829	Bok
chr9,119652383,119653340	0.276831389091715	2.62358434960907	0.0650910256604904	0.187661798298385	5.03509249982532	7.35491984211463	6.9960251946132	7.08416421311926	6.16951796896831	4.53389445768169	5.33238084729115	5.77911988850775	chr9	119652383	119653340	Emilin2
chr9,3697746,3698427	0.150426572488349	2.37959332814021	0.282938507270355	0.491206276857325	4.97646995930958	5.30843183220962	6.06266800006536	5.00233055193034	4.29803571471682	4.67039708990683	5.26572943482283	4.98956371711964	chr9	3697746	3698427	Kcnh8
chr9,84202747,84204340	-0.674390996457518	3.42810876855197	4.48260151958455e-08	4.77842681279896e-06	8.27748904061546	7.24286179138049	8.92096067203667	8.19671034827229	12.6470698139797	10.6700535825533	13.4695061027319	15.3149842346211	chr9	84202747	84204340	Sgpp2
chrX,15098512,15099664	0.0418833272857881	5.09447485272975	0.542517640067023	0.728047487868792	32.8327021025374	37.3476603655892	33.0090355559342	34.9399911526792	34.6466782175592	35.6824806781911	32.4740756997248	31.3490769193119	chrX	15098512	15099664	Rbm3
