logFC	logCPM	PValue	FDR	Bo_14_2a	Bo_15_2a	Bo_22_2a	Bo_23_2a	Bo_24_2a	Bo_25_2a	Bo_20_2a	Bo_21_2a	V1	V2	V3	V4
chr10,103339557,103340391	-0.190163549322943	3.8955264041437	0.104866294653215	0.245214571873165	12.4028983041612	15.3284690566739	15.6943654142014	11.4909698947029	15.1194051754999	15.3700130539957	13.7076294120854	18.4657046586443	chr10	103339557	103340391	Btbd17
chr10,103340947,103341427	0.144487359030913	2.56412490615824	0.303909599017154	0.50103916284041	6.38668968049234	5.22714837416775	6.2392888897631	6.20843082678182	5.50573726422099	5.03106212746364	6.05744498471789	5.16923044004174	chr10	103340947	103341427	Btbd17
chr10,107376583,107377054	-0.364680062940112	2.18909722130822	0.0156270477739378	0.0609396770069171	3.98010091623971	3.85383093882595	3.94534831799223	3.52134873163003	4.85297574378412	5.21555772158843	4.84766941765432	4.80015035568325	chr10	107376583	107377054	Cep295nl
chr10,31041169,31042115	0.142061296550755	5.12766743345143	0.0385243260162253	0.119358864557744	34.5247471269537	35.2318911902876	35.0424351222336	41.1419294601322	33.7805814935801	30.5561874360506	34.023271524208	33.8798978048624	chr10	31041169	31042115	Lsm11
chr10,35392227,35393527	0.0335289954818167	3.86372039240893	0.777352188221664	0.887707905508708	14.9022029198413	14.0371658494083	17.3484313443838	11.861731395203	13.9056053108316	13.7867720083849	13.8903969566449	15.2328974991769	chr10	35392227	35393527	Rasgef1c
chr10,53037510,53039088	-0.188431731825165	3.43723167455583	0.153711874253154	0.31924667472755	8.88563529159115	10.4619725502597	11.8415289354716	8.61816816398719	11.0128224262964	10.3416447599132	10.256822056155	13.7575390700424	chr10	53037510	53039088	Shisa6
chr10,56289926,56290568	-0.389946912774443	3.47552043758349	0.000387090747059132	0.00332462979554546	8.33026531864165	10.0032939407126	8.89692583428812	10.6559917442562	12.4116674864006	11.7381140442786	11.8402456428391	13.6638452824758	chr10	56289926	56290568	Tnfsf13
chr10,56299221,56300367	-0.385821192790947	3.8479264449549	0.0004597952258863	0.00382108542420023	13.2361872364148	10.5462910559953	14.8709358001535	10.6568524257168	15.6790098171527	14.8131097351678	17.242918775018	16.7094462885912	chr10	56299221	56300367	Tnfsf12
chr10,56546081,56546909	-0.16237218426722	4.10045041048482	0.0430001050566886	0.129482832006558	16.1054532259545	15.5973253631223	15.5948514814882	16.7719913484638	18.0106597227067	17.7915071145712	18.3631891003732	17.5393056243991	chr10	56546081	56546909	Ybx2
chr10,57126914,57127970	-0.194524048290708	4.98344554840494	0.00102719615950121	0.00725904857679971	29.1563940931495	28.1665079314486	29.7254234559695	30.3009419417372	33.5953190537844	32.2311163439714	34.3963948167261	34.0642796332198	chr10	57126914	57127970	Gltpd2
chr10,89699661,89700698	-0.112201242938001	5.01924334399657	0.0954227142215393	0.229943134468485	31.3778809003557	28.9904976088166	34.3195773116958	29.2821991390944	33.2226274742387	31.3939136844435	34.3962729241338	34.9881602654715	chr10	89699661	89700698	Etv4
chr10,90999261,90999679	-0.776911351183918	2.02233359223261	0.000266496602225611	0.00245436388769428	2.22135102867444	2.93647609288629	3.58104162098507	2.68732626127074	4.57387717674583	3.82181619558576	4.38284945518655	6.83385170149757	chr10	90999261	90999679	Gfap
chr1,101012158,101012886	-0.0500819823933385	6.07256893306463	0.208886486077233	0.392025219145896	65.8101759031361	64.8703738676995	67.4328878391183	65.6988501058756	68.3104759692044	66.8814200246511	68.6087261256211	69.3284479567247	chr1	101012158	101012886	Rras
chr1,101322271,101323464	0.122846789522717	3.67142006631352	0.214045703253644	0.398323842034803	12.77324742166	12.5689529072544	14.3158283916212	12.6950943376729	12.038323891222	10.9936966544111	12.1182501477494	12.9249604111613	chr1	101322271	101323464	Trpm4
chr1,106998087,106999089	-0.363159912228927	2.0016681149241	0.0283175397612843	0.0951485827630555	3.51730408282048	3.67156832422067	3.21037469612747	2.96539108823066	4.1998259644463	5.02803603116118	4.00932666024798	3.96905853820753	chr1	106998087	106999089	Slc17a6
chr11,32859813,32861719	0.195134005120499	3.91862427314915	0.113500697593659	0.258899159765399	13.6986524675991	19.2792721337369	16.7914328608663	13.9927984517466	13.6256489015784	14.0650424728141	11.5646448574286	16.4345921219969	chr11	32859813	32861719	Runx1
chr11,33002793,33003254	0.357906180918976	1.92434139264619	0.0745407035816585	0.192860386104583	3.33206164976272	5.14282745000851	4.22075874484639	3.52142791542594	3.07992342277077	3.25994374935634	2.51887295313959	3.78572709314673	chr11	33002793	33003254	Runx1
chr11,57207126,57208239	-0.0695008072860458	5.73565513972045	0.23711145134635	0.425832211565353	54.1477611467963	52.4859818401846	54.591649820013	46.0549282914426	53.6602984150331	57.2825177290301	53.0432583595537	53.5417452224998	chr11	57207126	57208239	Plcxd2
chr1,199438111,199439529	0.177283831000523	4.12124733651965	0.0726912081506475	0.189541394437403	16.8457827554257	21.2044334409811	18.6246876147789	16.4020211428994	15.9583556446256	16.95129990614	14.1737332625793	17.5410703580215	chr1	199438111	199439529	Pycard
chr1,20331676,20333530	-0.666342173395399	3.71328520039769	4.41841823340517e-13	6.17989430245603e-11	10.2741944532685	9.44899664625628	10.5522612412245	9.72981522228578	15.4922546414112	15.6493160319627	16.3123447285965	16.0628319793205	chr1	20331676	20333530	Tmem200a
chr1,203970559,203971956	-0.139489317840955	3.79585496111719	0.146348294200357	0.308890794494135	12.5881118786251	14.5943463305991	11.9228297520995	13.0656303804546	14.2783121283957	15.7390801480117	13.3327601615214	14.1237981802461	chr1	203970559	203971956	Gpr26
chr12,12024970,12025921	-0.0196857754036611	4.87644993018683	0.787065024092533	0.89382606881295	28.7861519770772	31.6625058185426	27.1512678987084	28.3553408949857	29.3028097685495	32.131549376161	27.6890583714101	28.4320058705283	chr12	12024970	12025921	Nptx2
chr12,23840427,23841406	-0.251541236460129	2.42193871815287	0.104940671255653	0.245358986518507	4.90570441926935	3.85040332775636	4.9549508741362	5.1890258771203	5.69237666932094	4.84567932744181	6.52270581405846	5.44628820754582	chr12	23840427	23841406	Hspb1
chr12,24802738,24803465	-0.103050357430733	3.58672044845725	0.342560113254315	0.541417803471048	12.588301766738	10.6411916634121	10.6394709525995	11.7682313305393	12.3181532625126	12.9460349597433	13.0486944035122	10.7067910832978	chr12	24802738	24803465	Tmem270
chr1,30682429,30683378	0.181057208642861	1.99305054747481	0.525478180422768	0.706417877665545	2.3137815322422	5.60372047054071	3.57606250946288	4.63298718687955	3.45327767451778	2.88937026404944	2.51995007624338	5.35676954451724	chr1	30682429	30683378	Rspo3
chr13,109551954,109553086	-0.396170949619177	3.34515546988609	0.000314393169217586	0.00280462526447756	8.2377940565135	9.45390179241056	8.8999738627531	7.87668472725128	11.0128252017192	11.9216432115173	10.3498159369352	12.0939716017192	chr13	109551954	109553086	Vash2
chr13,15395485,15396425	0.0128411319834177	2.74429646641797	0.948854820593199	0.988045777319697	5.27576029054447	8.35686459067234	5.68475726230087	6.85703933627996	6.43931551131817	6.89194206992223	5.31673092888332	7.29381806645855	chr13	15395485	15396425	LOC304725
chr13,21677745,21678485	0.12212079877803	3.01377112699031	0.494957711353754	0.680702041791463	7.31212852426488	10.0080367461374	9.82239067357955	5.74593262487787	7.18689453904484	7.91670467446043	5.97026127671938	9.14105492657615	chr13	21677745	21678485	Cntnap5b
chr13,48847744,48849154	0.269624306887391	2.7164446563786	0.110390417667035	0.253937939886351	6.29399296818203	8.17080751914777	8.26171740554809	5.18976188168639	5.59990755248404	5.86814430481299	4.75709163613371	6.92501661708835	chr13	48847744	48849154	Mfsd4a
chr13,71179723,71180253	-0.315264456019676	3.02652513362121	0.0148791321728145	0.0587745670595448	6.84940850384129	6.14419809968304	7.52443033434645	7.87618654244563	8.86539276039542	7.45503824892392	9.59951175007593	9.41671303226796	chr13	71179723	71180253	Rgs16
chr13,98615139,98617685	-0.0398926536118589	5.35355034052234	0.50551995060757	0.689747512127321	40.1710555839178	40.7411724851061	43.2170461674895	36.4176456350653	40.7818729172882	41.3574751329182	39.9928281145359	42.9271811926682	chr13	98615139	98617685	Itpkb
chr14,2031822,2032288	-0.25253768789135	2.33848878962187	0.100387830123329	0.238128311603061	3.79487167129772	4.6804559393775	4.21916941528862	5.09629235068151	5.31925457503318	4.84488677914976	5.03463880971106	6.00131256815528	chr14	2031822	2032288	Fgfrl1
chr14,2032401,2033229	-0.0640343064480012	4.52033047308254	0.443009440442784	0.63551687869578	19.6224844581775	24.3210900078674	22.3854302134199	22.7025903014361	23.1437838718466	22.2640944068157	21.4439637948695	26.2198239191455	chr14	2032401	2033229	Fgfrl1
chr14,60763882,60765095	-0.00820834493890805	2.93970800537617	0.975186622499486	0.999145772899132	6.01622196074836	8.62943147980512	7.52302266784516	7.69104753584162	7.46582230463422	6.89445590081849	6.52801723947455	9.14111713489034	chr14	60763882	60765095	Lgi2
chr1,47604327,47605581	0.0956682007737343	2.59203633570071	0.497223493224389	0.682827954574974	5.73868069946354	5.59543929552411	6.6076217043918	6.20843874434817	5.69245409000985	4.93865521875317	5.77924073541506	6.18571683304521	chr1	47604327	47605581	Fndc1
chr14,85190472,85191783	0.121514328939474	4.75796808286205	0.0721735136922562	0.188631976103045	27.2125818825935	28.1696772104169	25.9580504198528	30.6712122290944	26.2219863510963	25.5228625488754	25.9145406780244	25.2936996115987	chr14	85190472	85191783	Nefh
chr15,37382839,37383611	0.241600098974841	2.08642506862864	0.25418367352773	0.446018425297854	4.25773962419854	5.32560169027959	5.23270016926876	2.7804618645755	3.54683900467834	4.19039431195533	2.98521007181526	4.15470524611804	chr15	37382839	37383611	Gjb2
chr15,48831597,48832397	-0.506116311997966	1.95086290967336	0.0188986576017174	0.0702840025233757	4.16536807059178	2.5672274103592	2.75100577124862	2.68739217785106	4.19990665880984	5.30676306160599	4.84583768728745	2.95234963174326	chr15	48831597	48832397	Pnoc
chr15,80712350,80713724	-0.127970057941176	2.43118485778905	0.380695893913827	0.578387086224049	4.81309727013623	5.5074394080106	4.49341815744071	5.09648692765081	5.4127315318171	5.96013368403257	5.12798771107275	5.26166053266792	chr15	80712350	80713724	Klhl1
chr16,19096961,19098133	0.015894617863203	6.13113248051295	0.691403416926215	0.830634301609772	70.345627901057	68.9992012193084	69.3558559210797	72.4630087389467	70.0828788589814	68.5576361107746	70.5655333282844	68.8660610234423	chr16	19096961	19098133	Calr3
chr16,21089148,21089802	-0.0887843695993216	2.44340073917363	0.611919909175088	0.774226297365278	4.44279345200762	4.95426283464048	6.15099747524451	4.81863187632787	5.31964497508204	4.47349116850478	5.12792058650463	6.74065930586231	chr16	21089148	21089802	Hapln4
chr16,27398672,27400591	0.119684367774585	4.02847970128544	0.197182768645892	0.377279847595642	18.5121848302146	16.1471963511484	15.5925280524814	16.9574848648159	15.5842221783007	16.7639188268219	16.1253608831059	13.3834894528085	chr16	27398672	27400591	Tll1
chr17,13392627,13393523	-0.0245882581357516	4.83498316251055	0.721769342688323	0.851140141688183	30.1747452278969	27.6175276239481	28.4408941319084	26.2243401179582	28.4630356816135	30.270308467129	28.8973357484706	26.7696598063557	chr17	13392627	13393523	Gadd45g
chr17,13393695,13394382	-0.0835576939025809	4.05995182358438	0.3607971965117	0.559086664949775	15.550034775809	16.7017514357425	13.9385284872849	17.8836492249691	17.1704786794028	17.7896097065508	16.7798681464552	16.1541679752259	chr17	13393695	13394382	Gadd45g
chr17,15845378,15846584	0.0408035167537791	5.85831979872605	0.461816050880076	0.651932396758649	61.4600212684575	59.2758463394052	60.8287861201275	53.0046495621958	56.6460016842108	59.9838159070765	56.0257723488205	55.3876211115678	chr17	15845378	15846584	Card19
chr1,72461515,72461761	0.0783641623945393	1.94188152340453	0.747124299958593	0.868022401245658	2.86924007699355	4.6833996852328	3.85351359371126	3.61395538350942	3.45327826085571	3.3539069118942	2.79884342191943	4.61716525507671	chr1	72461515	72461761	Ssc5d
chr1,72462146,72462542	0.450212635666236	2.76400478363241	0.000293184486613636	0.00264853010780382	7.68248755001386	8.16827959154138	7.33825660053339	7.32056629168938	5.69221942793132	5.96050607415121	5.31428899830216	5.35391638883913	chr1	72462146	72462542	Ssc5d
chr17,28824141,28825322	0.645976096765907	2.82379802738603	0.00638330458429175	0.0306690985141468	6.29382947881233	8.99421332213839	12.1242953525997	6.20917130612094	5.04046001005376	4.00874199737977	4.29114655303223	8.12738096070514	chr17	28824141	28825322	AABR07027407.1
chr18,44141306,44142930	-0.145772766986642	3.28124998519711	0.173854284066237	0.346509664095405	9.16345432908354	9.4522861144279	9.17459922975883	8.43263032620759	9.8923982390604	10.6174865748219	9.60266943840399	9.96985321964722	chr18	44141306	44142930	LOC103694210
chr18,56070972,56071526	-0.185514950141259	2.32523177884741	0.276086397109462	0.471009626220915	3.98000700910649	5.50938602843192	3.57424243818543	5.00368857896434	5.13269566643451	5.86641135306048	4.4764526335686	5.07718016320255	chr18	56070972	56071526	Cd74
chr18,62614355,62615227	0.251946370898103	3.399720685661	0.0457548729961048	0.135568141600766	9.62605504083019	12.1146912073853	9.81151488736327	13.5282545830624	9.70462572855106	8.94342150689191	9.04337286327739	10.1553465568174	chr18	62614355	62615227	Mc4r
chr1,89473738,89474555	-0.174071824903316	2.17795002299108	0.293372669236896	0.489926271936592	3.8874927607355	4.12918888532478	4.86557437652709	3.428803171575	4.4798592064168	4.28566564248428	4.28904154152096	5.35520250043587	chr1	89473738	89474555	Fxyd5
chr1,89487936,89488469	-0.151065277734002	3.39825816258872	0.341332882457689	0.54013166904543	9.25593434577103	7.70047616118209	12.3025082063939	10.0076636409805	10.7323982881061	7.92397384683479	12.1153473378774	12.8338595516677	chr1	89487936	89488469	Fxyd1
chr1,90684553,90685800	-0.0195697778380275	3.28114729056299	0.888560551189021	0.953318578683434	7.95998260690142	9.91121117111234	9.26518619837735	10.7486254512702	9.70505376481658	8.38610175088008	9.13670648312989	11.1718432149234	chr1	90684553	90685800	Chst8
chr19,11308487,11309138	-0.0479140193041552	2.95937943432916	0.730222517198267	0.856981554206578	8.51565741590743	6.78748697632005	7.15468386040205	7.4131477706835	7.74556146861673	8.19586574564148	8.3878797192428	6.552923442362	chr19	11308487	11309138	Mt2A
chr19,11309628,11310180	-0.324810213340594	2.12543568016523	0.0563388472922597	0.157847264515087	3.23953434340431	4.59145073562187	3.11680574271969	3.89182967998526	4.57301972315382	5.21479737745123	4.01031532856295	4.80051206567281	chr19	11309628	11310180	Mt2A
chr19,24545117,24545858	-0.223569401201073	2.63304376409102	0.112155502136168	0.25662548862765	5.2758828673219	5.59726408998405	6.33327695563048	5.00405182042978	6.34629985220023	6.05571287092634	6.15342908731175	7.38625128195517	chr19	24545117	24545858	Clgn
chr19,37916687,37918208	-0.0827182184721374	4.36891135122605	0.386831786524971	0.584145696830174	21.0112359989678	16.8749684694376	19.1720615044043	22.5166926220148	21.4627692101492	19.4707944340342	23.8581549294424	19.4768555874652	chr19	37916687	37918208	Lcat
chr19,52646608,52647557	0.054009572955979	3.27598418098609	0.665216214233313	0.812970280775788	9.16337949088637	8.98973528537257	10.369295479533	10.1928891417069	9.42509507338858	8.01373615098143	9.69381866606929	10.1555148815621	chr19	52646608	52647557	Crispld2
chr20,18832546,18833013	0.649930244043774	1.95046829646154	0.000368335203702836	0.00319895458901628	3.98001002471348	4.21967348047131	5.32442892255227	4.44789677830222	2.89286959885829	2.23723875238402	2.88974135085582	3.41638298098496	chr20	18832546	18833013	Bicc1
chr20,3793574,3794593	-0.188771105399285	5.23185792649088	0.0126411019693916	0.05195571705247	31.0998830519744	37.9019966086721	35.5974281034593	35.2122935377734	39.3820440639637	38.0997896531201	36.7329800265437	45.1452532274622	chr20	3793574	3794593	LOC103690108
chr2,104460302,104461289	-0.036275617778249	3.12155820093232	0.768037951771057	0.882224869392885	8.05267643537422	9.54678572713752	7.5196207603758	8.52506181248894	8.58565255451872	9.59190816633642	7.92550816285959	8.40030589597699	chr2	104460302	104461289	Crh
chr2,116432407,116433434	-0.115887937659348	4.22092387337179	0.18496553221826	0.361035062203027	19.4377821741153	17.1568088974262	16.4179938442481	17.8841248383258	19.223996122146	20.8619243721921	19.9472740852415	16.7989578241025	chr2	116432407	116433434	Terc
chr2,189997028,189997430	0.172242642974482	2.65960079678897	0.196578248738805	0.376411164454529	6.01633786886481	7.25159439672651	6.51370166089288	6.20859466307745	5.78585160356266	5.86808520987368	5.22185037942886	6.18556399753175	chr2	189997028	189997430	S100a4
chr2,21698529,21699816	0.269288939584404	3.21956087543211	0.0457012371425346	0.13546020431228	8.60792075445921	12.2115446652542	9.53961741220259	9.54453671610388	8.21244757107123	8.66184296516063	6.99484263477676	9.23255023292618	chr2	21698529	21699816	AABR07007642.1
chr3,105213693,105215116	-0.0420230485777659	3.03651049596579	0.805404785503554	0.904894273466506	6.75673951480533	10.2856969250897	7.24518823308653	7.32065394514199	7.9329276925148	9.21899727945742	6.52958445118814	8.86301545224952	chr3	105213693	105215116	Grem1
chr3,109861471,109862122	-0.40619158095215	1.84310420617986	0.0472752480589254	0.138953705120426	2.59163158856284	2.47555897994917	3.67287731726259	2.96524142450747	3.73339411921525	2.79723304451984	4.10101049977326	4.89402123624081	chr3	109861471	109862122	Thbs1
chr3,122206198,122207004	-0.0992581562460646	2.57544352360613	0.506126305709889	0.690302758944061	5.18330766444897	5.32084939429602	5.13580382536231	6.67142747583484	6.06557740776687	5.40403910524492	6.2449309941833	6.1852936473688	chr3	122206198	122207004	Pdyn
chr3,131351024,131351910	-0.0783367034344533	5.05841961015573	0.238163792842246	0.427165929215306	34.8953439128697	30.6431116530664	34.0405796307774	29.3750867151359	33.7825030970251	35.1151040019411	34.8625007138281	32.4010770597479	chr3	131351024	131351910	Btbd3
chr3,142751682,142752653	-0.0211560021952091	2.07862959068867	0.927508427426454	0.974772962709946	3.70235686994609	4.95872973676187	4.31307677160781	3.05824733417576	3.92003043464596	4.56293284808839	3.26504691646127	4.52398373023432	chr3	142751682	142752653	Thbd
chr3,142753232,142753915	0.171720118805077	2.70391129612932	0.217692570005926	0.402735805187027	7.12717558980085	7.34288660086427	6.05248917662255	6.30129620992589	5.97249163317762	6.98342194247302	5.594198876838	5.26103739387941	chr3	142753232	142753915	Thbd
chr3,170955297,170956146	-0.182066317912527	1.81965358318787	0.290046414832606	0.486138362260217	2.8693215461527	3.39601934783796	2.8427492844954	3.42846570276992	3.54627084112868	3.6325993262889	3.35653748641116	3.69272734187303	chr3	170955297	170956146	Bmp7
chr3,39596234,39597250	-0.207761004338861	3.94971920496296	0.0453416222812289	0.134751969308834	16.0130891709014	12.9338116655887	16.0610274423653	11.6763602631746	16.0519814711489	16.9517364426625	16.964512148804	15.5079184879875	chr3	39596234	39597250	Rprm
chr3,47677050,47678522	0.400624078093271	2.44621334674601	0.111781406478595	0.256108077839005	4.5352559996962	9.37292635502711	5.96308249217809	4.07783745658934	4.20061094055752	5.40025133095099	2.89435694123224	5.63262618107226	chr3	47677050	47678522	Tbr1
chr3,95706033,95707204	-0.0987016119510159	4.26475666433446	0.209810733703685	0.393190676083827	17.7714630439705	19.0873737412816	19.6365188590991	17.0505343724557	19.4113698710403	19.4683221015511	18.739039333514	21.1412905890098	chr3	95706033	95707204	Pax6
chr3,95707707,95708152	-0.0402967246318189	1.92005886518813	0.844813701473068	0.928260863125819	2.86926638702057	3.39431131025392	3.94652447155451	3.98439818710245	3.63958923837593	2.79668096977368	3.54269292755367	4.61702644253808	chr3	95707707	95708152	Pax6
chr4,10328808,10329436	-0.327468124428099	2.28133355239208	0.0432328673149214	0.129993010435674	4.81321396175248	3.29992436253733	4.49674364281874	3.98461867966998	5.13293198639084	4.93756768328443	6.05672450350602	4.70737183136378	chr4	10328808	10329436	Fgl2
chr4,117531442,117531698	0.0163663120723177	1.84769310950244	1	1	3.88758460034405	3.21052319866116	4.22346451853748	2.40962427401512	3.26672404353561	3.63214981865206	3.35604729467873	3.32319303717072	chr4	117531442	117531698	Nat8f5
chr4,117531873,117532195	0.0138395499306338	2.38709067371592	0.967035063391847	0.995357993230156	4.16508080884935	5.04646398936904	5.13777599491686	5.93019561181998	5.03929631942013	4.10086355078561	4.94088605942846	6.00169717409972	chr4	117531873	117532195	Nat8f5
chr4,123509645,123510741	-0.30487811193517	3.77655701117546	0.00491547285257013	0.0250713015673228	11.7550831178957	10.5469834769684	13.5828744944568	12.5095301973888	14.8382854735663	12.5797420420796	15.938128908952	16.4334428573902	chr4	123509645	123510741	Slc41a3
chr4,150243796,150244729	0.0622117002286989	2.6807292912413	0.649016628193987	0.801405718603551	6.6643602709748	6.42314276358571	5.68542068248899	6.67171125185152	6.15897587300315	6.61218942139051	6.15231915144843	5.44572259718618	chr4	150243796	150244729	Ret
chr4,157125609,157126376	-0.0877198269301713	2.06286569923106	0.615950997577649	0.77743699280424	3.51723025053036	3.76151944159705	3.3003825733256	4.91080964384404	4.19917922992927	3.81987907501062	4.28759387801687	4.15416751276875	chr4	157125609	157126376	C1r
chr4,17593529,17594817	0.152984532437947	3.87740687154494	0.110646907888831	0.25431671272742	13.6987173640433	16.7961559939157	14.4928016529255	16.1233144811217	13.8112646503995	13.5998985476469	12.773316922393	14.7713412674183	chr4	17593529	17594817	Sema3e
chr4,18395085,18396019	0.0408564001421362	3.04450844310515	0.822842950371752	0.915662352473727	6.47899555403013	10.7451233021822	8.25703327771201	7.22810427129979	7.65326226573165	8.19643959742077	6.15718906994397	9.78755132335692	chr4	18395085	18396019	Sema3a
chr4,49368994,49370230	0.207120774598519	3.0139443767469	0.204298791006115	0.386311861487884	9.99667824442675	6.69211669442203	10.5582424076568	6.57973325335678	7.27918734928827	6.89401911026432	8.2008243175135	6.92306096718067	chr4	49368994	49370230	Wnt16
chr4,55407593,55408750	-0.244428301959323	2.79806316082301	0.199434116164963	0.380144859825038	4.81294505267898	6.79221226465292	7.52809509168791	5.65269619933891	7.00018673256246	5.87183749237977	6.24867506127854	10.2505680740875	chr4	55407593	55408750	Grm8
chr4,55408857,55409695	-0.18332272094888	3.23054412571956	0.0992810969234507	0.236328592258551	8.51550820134748	8.34884557849836	9.54455949609254	8.06195500453145	9.70562013715808	9.22296014870433	9.69504976981229	10.5246481978766	chr4	55408857	55409695	Grm8
chr4,78694257,78695544	0.0798653373914236	4.18516797775567	0.354504769527892	0.553050993396811	18.5120057383916	18.5348966860651	20.6483803755597	16.3094357191166	17.3580156103477	17.2328956100297	16.9670637935214	18.4637524605312	chr4	78694257	78695544	Gpnmb
chr5,117439965,117440730	-0.280525871781434	2.22526552803279	0.0696033576784536	0.183808935633751	3.88749585613942	4.40567361980113	3.39177684451283	4.54036679710132	4.94597819339229	5.4013552359068	4.66177391536291	4.70771850664331	chr5	117439965	117440730	Kank4
chr5,120567698,120568550	-0.184532262568325	1.87983400734259	0.338029178231302	0.536744005450804	3.51731416890123	3.57971958901685	3.7634596509069	2.22430395716722	3.54683938864638	4.37616530095991	3.26406926878157	3.6925086893093	chr5	120567698	120568550	Lepr
chr5,144159845,144160739	-0.111207165477703	3.54996532280192	0.306686063857464	0.504220339738378	11.3849173709298	10.0898906915933	12.6659227367642	10.1933176749647	11.8520873247242	11.0865479672053	12.3970902831668	12.5553462627453	chr5	144159845	144160739	Eva1b
chr5,6186157,6187122	0.499296899703758	3.13844894285388	0.000135410957344802	0.00140893330640367	9.8113278348035	8.71219541661956	11.6568266721525	10.1930205570466	7.27858478153588	5.77844165543017	7.64256797763011	7.84756272015457	chr5	6186157	6187122	Sulf1
chr6,113265268,113266778	-0.189235334608932	4.87540337730912	0.00413125277054303	0.0218800462572074	27.0275082664346	26.0559249694859	29.7307551505559	26.224159956422	30.7963364454042	29.2512148013802	31.32115068801	32.9575909891186	chr6	113265268	113266778	AABR07065173.1
chr6,123973242,123974421	-0.0147050531477442	4.06776597092665	0.890773007305021	0.954643652681097	14.8094304905926	17.4365509752695	15.6854243165394	18.0690655041986	16.7973761079982	15.9297594833286	15.9420948722338	18.0025758293969	chr6	123973242	123974421	Kcnk13
chr6,30640962,30641873	-0.206871353477982	3.54875429075085	0.104247713987601	0.244271372058672	9.81125876682268	10.5514804144168	8.61680084942492	13.8059571984134	12.6906269535248	12.016809310368	12.7699738336058	11.9080398425869	chr6	30640962	30641873	AABR07063425.1
chr6,79253734,79256553	0.0552771118149223	4.02919567635492	0.623042017985004	0.782819285214485	15.3648516919036	18.357105317609	18.5384010912698	13.5297207406752	15.3990543977105	16.0210535909251	13.8940026343332	18.0034677352556	chr6	79253734	79256553	Sstr1
chr6,98156616,98158187	-0.238914920708108	4.42512200121948	0.000683029412982427	0.00523454265867006	19.2524568056845	19.6361526128148	19.6330746482902	19.6447580739371	22.9570977609396	22.9146284358788	22.8391051274095	23.5405160478341	chr6	98156616	98158187	Kcnh5
chr7,116889400,116890156	0.0757433562925641	2.44344223223439	0.690732021713039	0.830231086114486	6.57192370061599	4.95312841183718	6.33395862696465	3.70711764134411	4.94660756551106	5.77345179427133	5.219996116652	4.52262908242291	chr7	116889400	116890156	Gsdmd
chr7,120152876,120153244	-0.328781310225563	2.24301340668868	0.0430407201299138	0.12959949625862	3.60978123797642	3.66876999398772	3.85238199567485	5.00350236955187	5.13245764379088	4.28681741193986	5.40573977025869	5.44700686119486	chr7	120152876	120153244	Lgals1
chr7,120580129,120581521	-0.35559712759096	4.22266981730529	0.000108484703766559	0.00117393403885182	16.1980013500947	14.6764442872166	18.8152758135164	15.1971853563902	20.3448855751226	18.540449937483	21.5319758915919	22.6186704329189	chr7	120580129	120581521	Maff
chr7,121028913,121030236	0.000500505721494841	3.94645144799877	1	1	15.6426875361977	13.2988579526554	14.7690140931135	17.2349534124184	15.4905220193111	13.9747381093955	16.9617747423071	14.4925661809601	chr7	121028913	121030236	Nptxr
chr7,124620100,124621201	0.0632312504578703	3.29803282391203	0.687435439625391	0.828123350971331	8.14508093841402	11.75152357997	10.8289974183829	8.71077800639875	9.14633841412409	8.9433667309108	7.83453309283205	11.8190404112565	chr7	124620100	124621201	Scube1
chr7,14418723,14419200	0.113746711933515	2.13658700075201	0.668828843617701	0.815140672083157	3.33202135793379	4.9571401543736	6.06209678606221	3.1509979705596	3.73394831770655	3.26223358406514	3.17202128702727	6.0031521936098	chr7	14418723	14419200	Rasal3
chr8,115357638,115358604	-0.261934127715948	2.28463371746517	0.123012098533722	0.273951995299913	3.51717917393666	4.31269753926599	4.58838419266881	4.63307427888481	5.03961148674998	4.19400664714262	4.84820546543727	6.37132731741947	chr8	115357638	115358604	Grm2
chr8,44846611,44847765	0.0387191541902225	2.41857925803134	0.8520871958282	0.932790540066561	4.44277605752925	6.70412083335825	5.4134593100004	4.35551278267722	4.94652816705513	5.4946935063928	4.01150813373933	5.90916108883188	chr8	44846611	44847765	Clmp
chr8,57885413,57886557	-0.737219023388596	2.82707390929119	3.66879175461948e-05	0.000473448515077959	6.29423452664631	5.4144777465794	4.49263800590971	4.54076492664001	8.21359641378442	11.6360312109382	8.2974668195046	6.45952556999514	chr8	57885413	57886557	Exph5
chr8,97113990,97115411	0.477960882163043	2.61923400642818	0.0113723427546064	0.0480327463562971	6.01628414504413	9.55286235796409	6.69622886418935	5.4676564975235	4.85313220218714	5.86595670232773	3.73229243506718	5.4471313007885	chr8	97113990	97115411	Ankrd34c
chr9,100380165,100381533	-0.221651049441142	4.07294284780933	0.00616353909104064	0.0298765291205705	15.364962935432	14.6789156138557	15.596850537206	15.8454266761002	17.9175762208478	17.2336996533012	18.4562003597458	18.0937223903455	chr9	100380165	100381533	Sned1
chr9,19977490,19978362	0.181573362947694	1.91998483852142	0.410033406190275	0.605435237351564	3.8875278488761	3.48534465638047	5.2353266972215	2.68765156976042	3.26664216679564	3.07471406632955	3.26304117222912	3.87786985666116	chr9	19977490	19978362	Pla2g7
chr9,21337990,21339562	-0.103308286402058	4.1915947807651	0.327469765503398	0.526268004319503	16.1053091484304	19.0902595242853	19.8235759093742	14.7342867785176	18.198862706113	18.4438395351407	16.6905643187246	21.604274212598	chr9	21337990	21339562	Ptchd4
chr9,47385250,47386998	-0.480127141918954	3.17628065164762	2.93673721591926e-05	0.000393629721212069	7.40480148415111	7.34026746589328	8.35213265116038	6.48678393152891	9.98633482086538	10.1535250105225	9.9753562005828	11.1709656923052	chr9	47385250	47386998	Slc9a2
chr9,69496355,69497303	-0.301261779572657	4.30771784188959	0.000239134086780905	0.00224369282615384	16.475572535985	19.6420308652902	17.4305435748568	16.7724109127863	21.2780101370061	22.7261312491024	19.6732414128819	22.987405356186	chr9	69496355	69497303	Nrp2
chr9,82555099,82556121	0.155315481652055	3.33822309298318	0.228164081681394	0.415298578519064	9.90385597309439	10.3681330256293	12.576214829876	8.98885999041919	9.23923707906922	8.47858429057614	8.95021553967609	10.8948286802049	chr9	82555099	82556121	Des
chrX,72132975,72134138	-0.409495095464964	3.72451903503041	9.47054121254114e-06	0.000151428048570225	10.4591963078564	11.5625103067228	11.0083711690542	11.7681669959255	14.7450301642321	14.531795644553	14.4499657202264	15.7866413345103	chrX	72132975	72134138	Cited1
chr10,110584822,110586009	-0.129052016416237	6.90321112380407	0.00226525230501268	0.0136044828318223	117.829052430337	106.521975837043	116.698914001273	115.644603322139	125.049087264702	121.001240645815	130.781783457786	122.59253799121	chr10	110584822	110586009	Rab40b
chr10,23660037,23660570	0.108630954467053	3.33841121747906	0.442796625997592	0.635382735482958	8.79302617335875	9.72419487510449	9.63057242025046	13.0647506002776	9.79794618804702	7.9212877424473	9.88038386781819	10.6173519583471	chr10	23660037	23660570	Ebf1
chr10,38836782,38838755	-0.0923589095615177	5.41078731263389	0.150258649001688	0.31448026919537	43.3182572851291	37.7974079419534	39.2621727652283	43.6442906481843	44.1398336830779	43.5002700019705	46.7913402968866	40.4315332398916	chr10	38836782	38838755	Sowaha
chr10,46720532,46721514	0.00305130848653432	7.59992121002501	0.943535196197728	0.984398971873923	202.891799895243	182.864037981176	200.920486849138	189.405589255325	194.105975530957	190.767651577676	200.976113006229	188.596813987359	chr10	46720532	46721514	Drc3
chr10,83332705,83333469	0.0509916858187177	2.56976378435706	0.736325984387064	0.86080836856327	6.29413920485418	5.04354473104658	6.51626350890997	5.55994910455178	5.69245484385302	5.21740943719586	6.15102008286402	5.53868924530231	chr10	83332705	83333469	Nxph3
chr10,83407543,83408332	0.0941585312574248	3.10410533664089	0.483275804978966	0.670893993662072	9.34864400469128	9.17736807079013	9.08387759591684	7.13561884897202	8.02595775328769	9.21899879345928	7.64532047128041	7.66149581720948	chr10	83407543	83408332	Ngfr
chr10,86303150,86304161	0.173344491266949	5.1371374506109	0.0200358908864218	0.0734532628875048	40.7266841787913	33.3917085419095	40.1898515995509	34.1009396706485	33.0351766059203	32.3231444500135	35.0466306460197	31.2009277362408	chr10	86303150	86304161	Ppp1r1b
chr10,86931909,86932563	0.0382475120143389	5.67939275708367	0.415826665165058	0.610833689668354	51.3707953705296	50.8316194686553	50.7317149895522	54.0227830230196	50.858873369408	49.3694973829378	51.1761024517022	50.1264383401532	chr10	86931909	86932563	Top2a
chr10,86950317,86951177	-0.246984679488504	2.37116229086436	0.10305289521716	0.242357557915176	3.98000103491849	4.95637023644151	3.94242301983834	5.37422475544572	5.50565778149924	5.40264702270318	5.12792162162524	5.63141773393427	chr10	86950317	86951177	Igfbp4
chr10,94170536,94171366	-0.085605034341289	2.81739571019032	0.568314501222519	0.740670869845797	7.40489891920683	5.9615611709652	5.96057422413899	7.32024029216998	7.18534283516232	7.3579879316551	7.8282709227572	5.90671141205153	chr10	94170536	94171366	Ace
chr10,97581715,97582492	-0.138451624958953	4.30873689144979	0.202564523701943	0.384197250472025	20.0856660202769	15.1299543440824	18.1633950581828	21.4046842843242	20.9030139020599	18.6331192511005	24.0430638619239	18.7381075320623	chr10	97581715	97582492	Rgs9
chr11,33908542,33910366	0.167291083341656	5.02105861775064	0.00920127508894206	0.0408202665326038	34.247218404123	36.8003221163024	32.7488544132832	32.8033453099462	30.4224522351886	32.877250140095	28.9005280367095	29.4474681923326	chr11	33908542	33910366	Cbr3
chr1,142086702,142087512	-0.116781495861628	5.93572453601186	0.0137233942609955	0.055255916153868	61.2748955131978	55.1402954267459	59.0829241330202	58.7489847362322	63.55110650744	63.1544991271484	66.27536841706	61.018416383147	chr1	142086702	142087512	Prc1
chr11,82193716,82194984	-0.137510846790978	7.22456269219102	0.000233319161710403	0.00220046571882006	138.192012490124	140.661752991686	138.435997849245	151.782982554266	157.33748367324	151.92622395718	157.911852641077	158.780995134445	chr11	82193716	82194984	Etv5
chr11,88424089,88424813	-0.461482126599817	2.02649800944965	0.00564572878514642	0.0279177477830746	3.05444819620608	2.93479602304177	3.21065883130404	3.89166185884174	4.47954153115744	3.82087220137775	4.84641504790693	4.89313510353473	chr11	88424089	88424813	Spag6l
chr1,189959623,189960497	0.0751242652078069	3.33163685447945	0.588596729120956	0.756607982620874	8.51533258777388	10.6454737581679	11.288343927639	10.1003993103265	9.51905045866848	8.20026627433923	8.85782472946067	11.9112253503122	chr1	189959623	189960497	Crym
chr1,190680569,190681503	-0.0751658499883475	3.36954183805879	0.505348173063683	0.689602497103277	9.25592624532898	10.4622132233574	8.7114127705772	11.1193003565121	10.5448664963718	10.6184127768348	10.1615551782122	10.3390812569225	chr1	190680569	190681503	Vwa3a
chr1,208020112,208021131	-0.0428926937966584	5.43381812160523	0.513698853084055	0.696383247254926	38.5972766835245	43.4028696727409	41.9252738403835	45.6827929876213	43.9534540773685	40.7093686205359	42.6026132202962	47.4519129368407	chr1	208020112	208021131	Mki67
chr1,219167625,219168460	0.254290588454382	3.72410051136162	0.00744120179516766	0.0345877250813453	13.0508418260016	14.4064860286346	14.3121988233322	14.9187046357905	12.0379196034644	10.9934039700212	11.6529673090371	12.832702190881	chr1	219167625	219168460	Aldh3b1
chr1,219439362,219440422	0.0449169648995273	6.23886660878981	0.348904162603963	0.547532317732508	75.3438122913595	72.5742878826976	78.9017381402138	79.2274333805931	74.7488995391801	69.0271500021712	76.437075427156	76.4371776282436	chr1	219439362	219440422	Tbc1d10c
chr1,220264976,220266261	0.0110999762207095	4.58319949251489	0.897445544055625	0.958631481223316	25.9169951726766	21.6488299588708	23.4849581766898	24.463176422205	23.8896044016206	23.75259100677	25.631340095737	21.5073312584956	chr1	220264976	220266261	Npas4
chr1,221771982,221773379	-0.00467638893619639	4.40063761085399	0.973533410982079	0.998190415746054	20.8259984456619	17.9764270283663	23.0333450039174	21.7758393318853	21.090157088094	17.8899112343487	22.8347305611848	22.0640702342506	chr1	221771982	221773379	Rasgrp2
chr1,221773532,221774598	0.112101208099102	4.56832591661436	0.121478337444583	0.271432291454223	25.5466665391096	22.1993645626862	25.2311586612809	24.8338818451775	22.8629685252217	21.4261204832355	24.2336558667212	21.9701863285432	chr1	221773532	221774598	Rasgrp2
chr1,226501336,226502475	-0.255603750470172	4.93645160631372	0.00237964962553271	0.0141420854118668	28.601121287689	23.9393947333328	26.970278216551	31.5049391210609	33.5013180859435	30.3702654073994	37.0012364352245	31.6626697091059	chr1	226501336	226502475	Lrrc10b
chr12,44173087,44173729	0.185932917535951	3.36145662136479	0.171256610701161	0.343032177529469	12.5883860706356	9.26248640002858	9.53707348006435	11.5827516008959	9.61152492886652	9.96560428654852	10.7167730562903	7.47525194709143	chr12	44173087	44173729	Tesc
chr12,44174354,44174817	0.325009362887466	2.49461208739892	0.0166221176830073	0.0639022541876466	6.01639410949177	6.33218732207862	6.14700761526784	5.74528405963005	4.85265859840938	4.93660660317833	4.66150541750406	4.8927032301153	chr12	44174354	44174817	Tesc
chr1,251144940,251145782	-0.328592665345224	3.55425948564418	0.00436775825432442	0.0228483094053568	9.53359654860266	11.5658718176472	11.1037708639972	8.80352729019832	12.4129728122661	13.3192012422064	11.3763405399385	14.4026461284561	chr1	251144940	251145782	Papss2
chr1,267598174,267599498	-0.0710500095384682	5.40960362019715	0.324739511898085	0.523152814751303	43.5959367658906	36.7856223777006	39.9051146727946	44.8487544482845	43.9529128852386	41.732298688088	47.5354228569802	40.2469980245723	chr1	267598174	267599498	Cfap43
chr1,28454388,28455598	-0.183958085388043	3.72818344081662	0.0615471387152407	0.168208463168275	11.1070752518617	12.4796528291391	11.6492745905117	13.7138407549833	13.9978397673134	13.0425173957193	13.6106919456885	14.9559890797929	chr1	28454388	28455598	Tpd52l1
chr13,108178326,108179088	-0.107693774439131	5.35742458479208	0.0373016065806721	0.116561628001726	39.1528830336282	38.1684714908078	40.184990582959	39.6601502582916	42.3674185790306	40.9867774570738	42.8798891760012	43.1112130138383	chr13	108178326	108179088	Cenpf
chr13,111869892,111870577	0.568298948465093	2.40610142974961	0.000565729937339128	0.00450670193093282	6.66439464049701	5.22682006203178	5.3180150183473	7.22740870241555	4.29217141138316	4.00568695643438	4.75224437341404	3.41470920206595	chr13	111869892	111870577	Irf6
chr13,51931691,51932143	0.0868565463477355	1.81490078096831	0.770916475723057	0.883844990398922	4.72075098771196	2.2895166828878	4.31561392294353	2.40962432811057	3.17316064770708	3.16724258582955	4.00598441637182	2.58393436601557	chr13	51931691	51932143	Lgr6
chr13,51956553,51956914	0.260452048371995	2.03445282290552	0.123154539839846	0.274118063442039	3.70232334917389	4.49695120660099	4.49626115974976	4.35518341117869	3.5462704819565	3.16810073648567	3.35653718394983	4.15493557733419	chr13	51956553	51956914	Ptprv
chr13,51957238,51958080	0.475400920298681	3.41538744833535	4.37134991587931e-06	7.79814584065931e-05	12.8659202757455	11.5592348180402	11.9255630557667	12.4169216587634	8.95820651272219	8.75594726042443	9.22746352562513	8.12288428908674	chr13	51957238	51958080	Ptpn7
chr13,51958651,51958954	0.0545166803097327	2.05065849560492	0.815437694521033	0.911149369424307	3.51720894263257	4.31363687375499	4.95792069876821	3.33615499234858	3.7333941496138	3.54056193533504	3.45043306668427	4.8015759822696	chr13	51958651	51958954	Ptpn7
chr13,60435621,60436680	-0.0335950667799841	4.01824751727348	0.704559230222607	0.839317487615403	16.01290294479	16.0580572405622	14.7672088584457	16.4940243902287	16.330780100763	16.8584428712803	16.2200902878226	15.4156704041055	chr13	60435621	60436680	B3galt2
chr13,82005546,82006362	-0.221224705561022	2.17074201461851	0.313189857506349	0.511340327664062	4.90581186074953	2.47178086452751	4.12892116349258	4.44771126007669	4.66602100442898	3.8212119439065	6.33366599223699	3.78377380857763	chr13	82005546	82006362	Mettl11b
chr13,97173307,97174067	-0.229650512582127	2.86156709726451	0.0919606313398458	0.223915113954522	5.92376324817741	6.79095163899891	7.25041594538945	6.11596889597618	7.46626474129948	7.08063597339541	7.08621107721014	8.95606833818773	chr13	97173307	97174067	Kif26b
chr13,97174229,97175420	0.129060451636257	3.88655369692954	0.165889604950005	0.33578018944123	14.4392767605185	14.5872240582722	15.1370601060187	16.8644101111437	14.1840928655743	12.6707862613347	14.3547750680855	14.586289000465	chr13	97174229	97175420	Kif26b
chr13,98772882,98774026	0.148869724951405	3.24456974234647	0.186501758441298	0.363050743516977	10.089080129545	9.91015018862749	10.3689582877474	8.71075140670341	8.7722903786688	9.12776018969056	8.57680831192329	8.76977732598064	chr13	98772882	98774026	Stum
chr14,3388886,3390034	0.440249238642241	3.2532562274112	0.000140076626121917	0.00145072028914358	11.5700984859026	11.2878124795178	10.4575238364134	9.73004090851746	7.93227340075057	8.93971798176153	7.64476570113056	7.19962840383353	chr14	3388886	3390034	Ephx4
chr14,37769616,37770421	-0.5543931721717	2.45275077599423	0.000334915534686611	0.00295426062078445	3.60974824136414	4.40472985842795	4.49616517812011	4.6330828398484	6.15966307317964	5.49773724428279	5.96699650513108	7.57137095042326	chr14	37769616	37770421	Slc10a4
chr1,44311387,44312051	0.382398990764918	2.27762016820327	0.0211179958491058	0.0763688414111128	5.09077466472363	6.42750443917637	4.95275678891006	4.63342825252823	4.01294736833937	4.74864309571389	3.45089640437218	3.96938776489098	chr1	44311387	44312051	Tiam2
chr1,4652696,4653573	-0.189274979453143	4.02535177728762	0.0492474647607948	0.143188265380853	14.717008161429	16.2446266059849	16.51826535724	12.6956159306908	16.705558254267	17.7899847390315	15.6640959129851	18.4641069085821	chr1	4652696	4653573	Rab32
chr14,81724915,81726093	0.0290716671153135	6.13882805602683	0.550938481940938	0.726961594410118	73.3076619193693	68.3550257970345	67.8848734987263	74.4087931315113	70.3625502400974	70.1396650852655	72.2416813325268	65.5411598704357	chr14	81724915	81726093	Cfap99
chr14,85483832,85485240	0.702243360618149	4.87338797607818	1.88818163025921e-16	6.26849837200937e-14	38.8754255301727	37.9914211270547	37.1580277182139	30.2095843362687	22.303267693954	24.6795492860767	21.1627273277876	20.4922724020002	chr14	85483832	85485240	Kremen1
chr14,86922053,86922461	0.268131813136933	2.15930761929977	0.0949705196704039	0.229108643467046	4.44284745454526	4.40318840320991	5.32363228118503	4.54059302670259	3.91938353251028	3.35474594886143	3.91514327624131	4.33936068803049	chr14	86922053	86922461	Ramp3
chr15,10119817,10121068	-0.292654235202484	4.60627355565945	4.167859372876e-05	0.000526276811639061	23.2327094973551	20.5502839824877	20.8229727664713	22.3318947918566	26.5964015530122	27.5701608059575	27.9631517366836	24.3691054229224	chr15	10119817	10121068	Rarb
chr1,52495738,52496386	0.399730476083803	2.55551960199786	0.0025218238375204	0.0147987753489479	6.66434494736505	6.14641225050548	6.69798271776744	6.39385313294717	4.94589851594658	4.75097903488262	5.12642980058911	4.80018001070275	chr1	52495738	52496386	Pde10a
chr1,52543078,52543548	0.328239727955746	2.10605871644167	0.0626627286080854	0.170460545850936	4.72057797104375	5.32480851734574	3.75815729688685	4.54056067801484	3.63959039940084	4.46884364350457	3.35681284172605	3.13799457423221	chr1	52543078	52543548	Pde10a
chr1,52544020,52545180	0.168680874731046	3.72794365955785	0.094543913997276	0.228365954076245	13.7914391802418	15.5122666338154	13.3009020985621	12.6952988006381	12.2252308753085	13.6896469659735	11.2820070252179	12.0005022350847	chr1	52544020	52545180	Pde10a
chr15,51756192,51756741	0.205880583012482	4.30497533336823	0.0122367524977091	0.0506880054102184	20.3631476032004	20.3682898689264	19.3531167750906	23.8139480958051	18.6628903065923	17.5130918277999	18.828824135402	17.7238682682081	chr15	51756192	51756741	Egr3
chr15,51757108,51757667	0.180901401470076	3.07871682194232	0.278020765949392	0.473133488428587	10.9223557532659	8.80868479451715	8.16280348630993	7.2282820802359	7.5595871368663	9.86830820011804	7.73722851353134	5.81356765876895	chr15	51757108	51757667	Egr3
chr15,51757971,51758376	0.0548673475756197	2.92234306091158	0.657515713028467	0.807679693336165	8.05278718420791	7.61603886721741	6.8782012392001	7.59843749781532	7.27896374649162	8.00885211764522	7.36403137476619	6.36860499703072	chr15	51757971	51758376	Egr3
chr15,82481181,82481995	-0.202105293684669	2.95727970273662	0.113668995223698	0.259146444129265	6.84941430316967	6.97315613350299	6.05125525952021	8.33932920667019	8.21193736638446	8.28976154807111	8.38899195597599	7.5691008351911	chr15	82481181	82481995	Dach1
chr15,82482598,82483114	0.372191030596773	2.18159199744012	0.0181651536660902	0.0682872481358575	5.2759701793017	5.2313427715667	4.49368226853717	4.63330464429122	3.8260648131296	4.37636652006912	3.63605022912373	3.32268187885731	chr15	82482598	82483114	Dach1
chr15,86242251,86243368	0.0615787658363948	2.69626794632474	0.691460387751865	0.830688330480872	6.10891837994251	5.50194378125628	6.23768340837845	7.87594384597503	6.34522678964482	5.12570960200628	6.8961020267566	6.27748840824032	chr15	86242251	86243368	Lmo7
chr15,8989313,8989901	0.195566986444111	2.7217181775517	0.116428583374551	0.263489323778335	6.94201296392314	7.06603310395722	6.51239603016257	6.85714147131525	6.06557790697419	6.24025882925644	5.87312946833617	5.72314373517461	chr15	8989313	8989901	Thrb
chr15,9085043,9085868	0.384416946300285	3.76750127070619	0.000148415815218791	0.0015189091723367	14.8095609941075	16.9804859540665	15.7814368636745	13.251494797607	11.5719971589884	12.3870215304066	10.5365188730347	12.0936287390776	chr15	9085043	9085868	Thrb
chr16,20685358,20686141	0.216857826896718	2.03864546689619	0.324703803440202	0.523119633438334	5.36864543464323	2.83927039979279	4.77283436255668	3.89201138914142	3.63950850203663	3.26118689024616	4.65771171062889	2.95316386829689	chr16	20685358	20686141	Crlf1
chr16,22560265,22561615	0.0100253399253693	3.3822977579078	0.949460487867956	0.988377596001025	9.90387722468565	11.1053737102842	10.0909491925712	10.0078062946759	10.1720758369235	10.6179256245002	9.60313733209735	10.4317376699688	chr16	22560265	22561615	Lpl
chr16,62372069,62373017	0.00221546892636211	3.18169053373992	1	1	9.90404778579515	7.70338895580338	9.81975607415603	8.15467518173972	8.86553838023443	8.57036274951817	9.69260627751198	8.4000125126354	chr16	62372069	62373017	Tex15
chr17,11099645,11100646	-0.101020781988172	3.82559431960996	0.241528434591106	0.431123305243525	13.6989045722913	13.2119827144087	13.6700926869304	13.4363126338946	14.4647599776986	14.4380278765437	14.6350480070749	14.4009064076943	chr17	11099645	11100646	Drd1
chr17,21676733,21677924	-0.155298237167373	3.25709154669107	0.209150723981202	0.392336112065529	10.1817664561965	8.71627653694535	8.62282388456797	7.96939726241819	9.70590282389412	11.3605549711986	9.97422205871865	8.49133859750692	chr17	21676733	21677924	Gcnt2
chr17,21705556,21706555	0.0118260088562308	3.05485850523631	0.975154892454165	0.999143982619241	8.33042249253392	8.99515877856471	6.69192833426688	8.61761216191427	8.11883911950344	9.4976174520447	7.73816846081903	7.01460608242968	chr17	21705556	21706555	Gcnt2
chr17,44765988,44766678	0.0233871558390632	3.4975502913685	0.862117696058908	0.938586045556809	9.99634389976241	10.8259904366686	12.8496372925205	11.119715880522	10.9188304387559	9.22558780036734	10.7209696453853	13.2034069400445	chr17	44765988	44766678	Hist1h1b
chr17,44767188,44767599	-0.203639807499419	2.00994333043168	0.207191064942076	0.389961744341956	3.88756417589453	3.57847273155894	3.76216101552834	3.05810242159112	4.01318921249799	4.47017177998584	4.10172054385731	3.87686294037359	chr17	44767188	44767599	Hist1h1b
chr17,66396429,66396833	0.536015086904746	1.7811591797229	0.0074464131855995	0.0346049785536177	4.35039087595957	3.20892802590857	4.68231924054286	3.1508280741127	2.61316481481327	2.51540504294757	2.88907629998719	2.58468501130986	chr17	66396429	66396833	Actn2
chr17,66397103,66398023	-0.154079320130424	3.52706569220831	0.127093391033655	0.280023671668016	11.2923877916261	10.8275343768621	10.6417182853223	10.1932166808817	11.8520227596829	12.8524046975072	11.8391176060607	11.2615675759091	chr17	66397103	66398023	Actn2
chr17,88095113,88096328	-0.0795528318816549	6.0150965700833	0.166985905843732	0.337178518296677	66.828567720069	57.1559595145779	62.7518220366081	64.1233293440262	66.630271594729	65.2044547023592	71.0273387634415	62.2177758153391	chr17	88095113	88096328	Enkur
chr18,26210327,26210681	-0.41949224045921	1.65459425955582	0.0855472816418989	0.212675545079897	3.33227958750934	1.64812676837879	2.29247885985643	2.8724624995531	3.35971611280269	3.26057687717153	4.56400038618621	2.3988878458677	chr18	26210327	26210681	Nrep
chr18,36370688,36371188	0.10371552439206	2.8776258570675	0.431336332173791	0.624654750567533	7.86765816152813	6.69556457001323	6.69446142029403	8.43209329885245	7.09179347303922	6.89300298096854	7.54894213858909	6.09173857233101	chr18	36370688	36371188	Sh3rf2
chr1,89214914,89215317	0.630978112570662	2.18506864273352	0.00118598610735894	0.0081466973069639	5.09077166377145	5.5061423208939	6.88713990011207	3.70709029757319	3.35979699416922	3.26063790558475	3.07729995141599	3.97024738838478	chr1	89214914	89215317	Dmkn
chr19,14652624,14653588	-0.205125339979535	4.64599719338089	0.00252052359886292	0.0147936530047199	22.3068946073926	23.9507376915776	21.4633339666438	24.6482679754584	26.6895136223041	27.1981918210666	26.1022877295841	26.49404887941	chr19	14652624	14653588	Rasd2
chr19,52224766,52225993	-0.168578378019798	5.32462746389926	0.00462530859748559	0.0238887441580244	36.5611388409388	38.8156937693527	34.2128050035096	40.6789257068741	42.4603804113803	43.5913242455187	41.66967728361	41.1714306642001	chr19	52224766	52225993	Dnaaf1
chr19,6011953,6012703	0.861479283749376	3.0901512548134	2.54006976972905e-13	3.80647598349396e-11	9.99639502802116	11.0116743429689	10.2734884610173	11.6753861845972	6.15834911161238	5.49678688218498	5.8729301594967	6.0929512301607	chr19	6011953	6012703	AABR07042733.1
chr20,14282343,14283285	0.29291236066196	3.4765371676972	0.0141426984591794	0.0565528234447747	11.4773770113407	12.7564689065474	13.9513037152654	10.008310345403	9.70575933259654	9.59480539628298	9.04431253564428	10.9867069932668	chr20	14282343	14283285	Adora2a
chr20,22458640,22459608	0.000617402520544181	5.64581617351561	1	1	50.1675542831963	50.0075909428019	48.6211194989942	50.7797608944894	50.1126771113323	50.4853294792177	49.9652015292697	48.9259476850764	chr20	22458640	22459608	Egr2
chr20,32353217,32354221	-0.0235792054691094	3.97099454132863	0.840398801105893	0.92565615998561	16.1980929456023	13.2064523060173	18.3580166300874	13.7147338573506	15.4915808453915	13.9754950758185	16.7767457462168	16.2479085628468	chr20	32353217	32354221	Stox1
chr20,35448043,35449850	-0.105235964834023	5.83869133041625	0.0579788262905055	0.161209078690637	57.0171006925539	50.2748796925332	55.2293283538924	57.3586858477869	59.5378241608574	56.729525473809	63.1042858164457	57.1414202412696	chr20	35448043	35449850	Man1a1
chr20,40235702,40237294	-0.24180415783595	4.28315804413777	0.0040670737697828	0.021621000824766	19.7154966441908	16.7888572925963	18.4424616409479	15.7533913312249	20.5314179811902	22.3527782217229	21.4392556253262	19.2922039802417	chr20	40235702	40237294	Hs3st5
chr20,45814692,45815482	-0.178904254840013	3.00383207878943	0.151374511291252	0.316022763764996	7.96023944609606	6.87997844566932	6.69470862897713	7.87627464360305	8.39865139102074	8.75488055058909	8.85438519307731	7.29160493514712	chr20	45814692	45815482	Gpr6
chr20,45815510,45816261	0.189124981525146	3.13679774372947	0.145826722899652	0.308123985848623	8.70058380710537	8.53108734408654	8.34557836282727	11.1190554837356	8.30473792732162	7.36033993223159	8.57471918738066	7.93887291962007	chr20	45815510	45816261	Gpr6
chr20,46044207,46045737	0.042427391365139	5.73819361792966	0.439026887116386	0.631964311757821	56.8320306671424	54.1367203845268	51.4631215416274	53.4672392433279	52.63236491506	55.8845455580047	52.7614304782361	48.3703378467316	chr20	46044207	46045737	Ak9
chr2,141450293,141451697	0.0290955769293234	6.32362281959902	0.551855276122254	0.727606822143438	82.1008127390691	76.5196933341971	77.9773986706603	86.2695743762997	80.1609548786985	77.3141630433375	82.7746422735826	76.1579184662714	chr2	141450293	141451697	Foxo1
chr2,155717943,155719240	-0.0127629105731844	4.69103378442068	0.862881587647035	0.93887700517295	24.1580470970221	27.0721196009143	24.9523837772747	25.9458449273381	25.7564671771295	25.8948609933522	24.6119875198667	26.7719431150276	chr2	155717943	155719240	Kcnab1
chr2,187447006,187447757	-0.171170835328704	3.97872879876524	0.149389762919263	0.313324775702886	15.1799002348541	11.6440341352298	14.678784029108	17.1421404959213	16.7969515201642	14.0700994878731	19.3828791422221	15.7849968718235	chr2	187447006	187447757	Iqgap3
chr2,211176184,211176882	0.219172662910638	4.66818126740522	0.00144876274816152	0.00954908988063732	27.8606297038338	25.7802505293061	25.9600797167753	29.0034366397895	23.7956337903684	22.915078869949	24.5142010293055	22.0619887264609	chr2	211176184	211176882	Psrc1
chr2,219260863,219262359	-0.0168699765147389	4.62583677339988	0.85121199990073	0.9322746796774	26.8426346793505	23.3034472719683	22.1040161901827	25.2044296357159	24.8228628209683	26.7297837121267	25.9123992233239	21.137028128224	chr2	219260863	219262359	Gpr88
chr2,219262529,219263511	0.224736216850779	3.74676291050796	0.0222903628895867	0.0795326213305322	13.3285417628678	14.1300542599737	13.2995348779618	16.3082881859857	12.5041183864906	11.4588298099564	12.397676101288	12.462672849624	chr2	219262529	219263511	Gpr88
chr2,241908578,241910997	-0.0607264329237084	7.41833209879897	0.164384185893749	0.333772500620793	163.923735806567	172.41476985805	175.784904659871	156.973582224371	172.923523724599	174.279368135484	167.704301907434	182.968740295561	chr2	241908578	241910997	Ppp3ca
chr2,251969890,251971121	-0.262435903379466	4.76810663698083	0.000381464476559672	0.00328789033757005	22.8621717843878	23.7627692064359	24.2189043085134	27.6131831957613	29.6755989924411	26.8307778823338	30.108674204364	31.480664902676	chr2	251969890	251971121	Wdr63
chr2,26437806,26439407	0.0223640333206403	4.03573619741459	0.84550598975745	0.92864016902829	17.6791061200129	13.5718812708889	15.8699375337637	18.2542958960724	16.4235452524125	14.9060334741345	18.5448555436898	14.4917426580784	chr2	26437806	26439407	Iqgap2
chr2,3400296,3401716	-0.0615756546105154	3.93108108213029	0.523426677381489	0.704790590490296	15.7353115401518	14.220610375507	16.5192752148924	12.5102615726075	15.1186781855814	15.741276524585	15.381177483948	15.3240666495515	chr2	3400296	3401716	Mctp1
chr2,3618072,3618662	0.174045439365765	2.5613140326026	0.207333823926477	0.390090493117173	6.47925590328505	5.7795505763912	5.59443989176868	6.39371076581823	5.50550041486556	5.58833900047137	5.68547252068335	4.70717476974345	chr2	3618072	3618662	Mctp1
chr2,3661308,3662010	0.302847250867103	2.96785676153098	0.0441169726528949	0.13205890134074	10.2743978992281	6.87630736591433	7.8878074386447	8.71033756782367	6.99855030598016	6.9857451803661	8.01347025414596	5.3524548670656	chr2	3661308	3662010	Mctp1
chr2,84436200,84437331	-0.00471841268879041	3.62362417556278	0.999999999999999	1	13.6064958751675	12.5721020177993	12.0178442849128	10.2862439995514	11.9456744278777	14.2469261064277	11.7466418050179	10.706884386972	chr2	84436200	84437331	Ankrd33b
chr3,102150840,102151957	-0.289365519996213	3.30177479583059	0.00701392405219636	0.0330049628104236	8.42292550634664	8.34852235031394	9.26795304824066	8.80306116191557	10.5455581517962	9.87543133628257	10.8130082257465	11.3554247444372	chr3	102150840	102151957	Ano3
chr3,111544541,111546379	0.264179777447435	4.83758913467831	2.27287199419353e-05	0.000318284829381058	30.7299081948656	29.910150318035	31.1928239698329	32.1541874051468	26.2221410596954	24.5000636041085	26.4729161858855	26.0327697512357	chr3	111544541	111546379	Itpka
chr3,123235747,123237119	-0.241006502519604	4.06398294887079	0.0161268915143969	0.0624282475318847	13.6987287336988	14.2193598959279	14.9532874845077	17.7907552746521	18.1037375952593	15.4672279860549	18.5492097230527	19.5721930017582	chr3	123235747	123237119	Slc4a11
chr3,165038447,165039492	-0.207512784506712	2.77902951985791	0.212010162761068	0.396004737727291	5.73866001246916	6.33165052070975	4.48907706742386	8.24637588710234	7.37167940132015	7.54405104769169	7.36377007845208	6.36871136253587	chr3	165038447	165039492	Kcng1
chr3,43118642,43119919	-0.23712775710546	3.79578968778873	0.0224597213719123	0.0799720401904431	11.1070386450007	13.1229249950408	13.3970545610172	12.6949474656351	14.6518336003444	13.4161953712147	13.8918308323318	17.3576967430505	chr3	43118642	43119919	Nr4a2
chr3,44341645,44343219	-0.0265855992452585	3.87300665846307	0.77157491818383	0.884300841293669	13.9765243172186	13.6696326156934	15.1400269174748	14.5482009919985	14.6512070608244	13.5087018064434	14.9143181315486	15.3248846989483	chr3	44341645	44343219	Acvr1c
chr3,80832283,80833392	-0.200928298285515	4.56296320790507	0.00308601424793974	0.0173632794540954	22.3070118657274	21.3780642155373	21.1906982377865	22.4245587505632	25.1031826245193	25.4287664377588	25.5411243360965	24.2779346961792	chr3	80832283	80833392	Chrm4
chr3,95417965,95419297	-0.281121084728657	4.67842081868707	0.00213606993146641	0.0130023444377656	20.7332444303036	22.0191015889968	21.003762966686	28.0759487572857	28.2753008183202	25.1543066651702	28.8029864857853	29.3570740097364	chr3	95417965	95419297	Rcn1
chr4,108300686,108303676	0.0128854079060223	5.67315178753537	0.806262207362446	0.90535807811943	49.0566942944478	50.2812757231718	51.2843429878343	53.6520755979636	51.0455823289259	47.788107159363	50.8971328247136	52.7126221910886	chr4	108300686	108303676	LRRTM1
chr4,117295315,117296543	0.294888775410762	4.99923174168999	4.741717138569e-07	1.14585704841775e-05	34.8951210560281	34.5912927899844	34.126123411431	36.5093482540833	29.1147956786311	28.0383108301135	28.9902967645288	28.063107718863	chr4	117295315	117296543	Egr4
chr4,171176084,171176898	-0.0421604937781763	4.09756023018973	0.693848071955902	0.832392258131356	16.4756621458181	16.0555005866671	14.1206870903184	20.1071561100762	17.6364142517042	17.1392979088059	18.1754797825251	15.7843625408034	chr4	171176084	171176898	Rerg
chr4,79845465,79847159	-0.19901828708959	4.69195812679377	0.00331264655852041	0.0183669233468889	23.880485266407	22.2927018658919	24.0368156051749	25.389601582285	27.5293417242584	25.8045936993424	28.802103517598	27.6020588736963	chr4	79845465	79847159	Mpp6
chr5,142642854,142643680	-0.0329430174147709	5.58428114832158	0.578750373710224	0.748823417471418	47.8535753011662	43.7615768132274	46.3281402434447	51.0572538493391	48.9921633871239	45.924754031177	51.2663151798818	47.1718360163397	chr5	142642854	142643680	Pou3f1
chr5,144581222,144582011	-0.0336977501022226	3.50808571442303	0.804740622749687	0.904621524415491	12.8660590244061	9.1694479884744	12.2056569569061	10.0080375681942	11.2919078554463	11.085147096143	12.6743287208377	10.2456847438164	chr5	144581222	144582011	Clspn
chr5,147304256,147306621	0.222026620674063	4.93257586025758	0.000623161237244073	0.00486183740132479	31.9331516601944	31.4698017742967	31.4648128382766	35.8603356113959	28.6480370535564	26.5494894888127	28.9893003937363	27.8787558430399	chr5	147304256	147306621	Hpca
chr5,172808905,172809872	0.232897811782281	3.53841210199038	0.0166892035300569	0.0640783228260849	12.7733307038172	12.2951557097609	11.8329885591478	12.5096062137854	10.6381876119692	10.8974290477857	10.6266923415817	9.87689353519748	chr5	172808905	172809872	Gabrd
chr5,57946796,57947892	0.00540051055707832	6.90467107179285	0.923004330303442	0.972844956408706	126.252104585104	115.058349236663	112.928116602193	125.188664491766	120.662118683263	123.045691645292	124.536564795039	109.389141619981	chr5	57946796	57947892	Dnai1
chr6,108414429,108415402	-0.0853603576960816	3.70661796474688	0.364363397216094	0.562322583577562	12.6807441246809	12.386760776325	11.7404983683028	13.158103270877	13.344603711707	13.5988556270531	13.5161379501139	12.5539765263343	chr6	108414429	108415402	Syndig1l
chr6,126017689,126019853	0.296336772962214	4.57991865948213	2.66872890930777e-05	0.000363213637324581	25.731650964719	25.6906792212414	28.3540315535078	24.8342664533523	21.4633250397546	20.1220628559698	21.1609972838491	22.4333611930404	chr6	126017689	126019853	Slc24a4
chr6,126040019,126040660	1.16468969160779	1.57795300298483	3.37440620386544e-08	1.13851675983635e-06	3.51723029306131	3.48516597264899	4.77435957137585	3.70662737239289	1.7729499850827	1.30524124139604	1.77104654412815	2.03133797552397	chr6	126040019	126040660	Slc24a4
chr6,127248106,127248628	0.73989868246604	2.27756188673483	0.000500654628606528	0.00409366150729813	4.16499062410605	6.88582754157072	4.4903273651636	7.78308225897813	3.63900881704186	3.16792024446837	3.07750326469729	4.06259152516778	chr6	127248106	127248628	Asb2
chr6,127399869,127401350	-0.120704338087056	6.13602138190916	0.0598359895589812	0.165000313176686	67.2911479338696	63.2145224125871	62.1938519660256	76.1686343041435	74.1883262232093	70.8874411597396	77.3670795072018	69.8803647903772	chr6	127399869	127401350	Ppp4r4
chr6,131926946,131927656	0.155467569102238	3.44648435228037	0.142350545390763	0.303094396358831	12.3106026707237	10.9177459997621	11.5603957862684	10.378651178426	10.1718681735066	10.7106931850799	10.3467930414792	9.32280130319489	chr6	131926946	131927656	Bcl11b
chr6,3252638,3253863	0.339389252811889	2.33166849558803	0.0373240520229402	0.116610713797664	4.90561227844962	5.04514488427861	6.42598367544578	5.28190314492033	4.29274210169827	3.4486353359314	4.28808626689365	5.07833741096597	chr6	3252638	3253863	Cdkl4
chr6,57516065,57517848	0.0826432989940959	4.90387699650266	0.188716849581839	0.366076107812867	29.0637253002138	30.6468048299984	31.1937661927899	31.505591750782	29.1155321089415	27.294851825866	28.6187274938184	30.5573005857355	chr6	57516065	57517848	Dgkb
chr6,6842986,6844231	0.27685678492752	3.68834878011257	0.0135465601315643	0.0547061679974758	16.0131193435927	12.8425309641054	15.0493743028762	11.7689353875481	11.4784785233636	12.1078394996783	12.0239120942106	10.3379281368694	chr6	6842986	6844231	Kcng3
chr6,99356068,99357319	0.00182852872403784	4.77394746242955	0.995020723899	1	29.8971246989396	24.4924735769673	30.9266967148461	23.4448213617582	26.8769073484049	26.8271089563731	28.5224380018094	26.4012278671339	chr6	99356068	99357319	Akap5
chr7,11581397,11582319	0.104622847615727	4.50125297099507	0.162796421034928	0.331520895756579	24.5285231351813	22.3862700147621	25.3264250133037	20.8499818969349	21.5572577381969	21.7033413487413	21.9059348545356	21.4166673091908	chr7	11581397	11582319	Gng7
chr7,11582769,11583273	0.235203515487042	3.45566338215578	0.037156167023246	0.116201556946762	13.0511261352229	11.4688950467501	10.8227392959498	11.3051260123691	9.98508930590397	11.0818416212091	10.1602325175515	8.39890045770808	chr7	11582769	11583273	Gng7
chr7,12219311,12220360	-0.184577922022995	3.18911946600249	0.121110849651347	0.270867959838525	8.23782492562783	7.33687175782683	8.62466906701014	9.26611519840822	9.61173596298563	8.29296133796777	10.3451042081369	9.78560201972365	chr7	12219311	12220360	Plk5
chr7,12221199,12221737	-0.00406354990623149	2.97213676368936	1	1	8.51563249569766	6.87892767855794	7.98276242990447	7.22793965890259	7.65238942775701	7.73115766150041	8.20183294688386	7.10750009795949	chr7	12221199	12221737	Plk5
chr7,122456340,122457243	-0.150450465534356	3.70517569861773	0.195582306202636	0.375105830843882	12.0327844819124	11.5592409802078	14.8714603213995	10.2862622549636	13.1592534432915	12.3910775112954	13.33081939901	15.233645572541	chr7	122456340	122457243	Mchr1
chr7,142906299,142906743	0.839154485920571	2.03022178527968	2.64657735874211e-06	5.07711656567335e-05	4.35023320663066	6.06014171528051	5.0459450022953	4.54070349547948	2.79963457092724	2.88735217628792	2.33191034409677	3.13914561235083	chr7	142906299	142906743	Nr4a1
chr7,142911624,142912807	0.259716927540248	5.22043578427113	0.00032585258783908	0.00288861434909742	39.060237885239	44.6023037550168	35.953969241108	42.0691817958895	34.2476538758632	36.5097759171797	31.8840012925518	32.4012737588139	chr7	142911624	142912807	Nr4a1
chr7,74901499,74902485	-0.693595622418606	2.96587687735716	3.27442043798845e-05	0.000430990921299795	5.09070367394754	4.95153812039216	6.97694488702805	6.30099746812224	9.14633867686959	6.89860144146711	9.88006941968876	11.8190402964208	chr7	74901499	74902485	Rgs22
chr8,120446449,120446773	0.20683756907996	2.24642163333476	0.183500587279667	0.359116930766331	4.81310962293121	4.95506994842338	4.2174860388625	5.55960644946932	4.38557401652159	4.28469611534821	4.2879473409813	3.96914719240667	chr8	120446449	120446773	Arpp21
chr8,22049064,22050736	0.0360804192373242	6.15550619857276	0.52324908209048	0.704661096079601	71.4563195652041	68.2617873943653	78.6328873892386	69.5910088941772	70.176956864301	65.1150856525476	71.4974652591749	74.037795520307	chr8	22049064	22050736	Icam5
chr8,49440243,49441203	0.231794240708634	4.07667753290697	0.00725984680265521	0.0339251009539109	19.160041170687	16.6038496343615	17.3372368048044	18.9958788413599	15.6769752909844	15.1834445994749	16.4970784439947	14.030425416269	chr8	49440243	49441203	Scn4b
chr8,53678538,53678932	-0.143196294407294	2.00576634593076	0.397957315641484	0.594232342473418	3.33211612394746	4.31530150791555	3.20917492711776	3.70654423009984	4.01286621623934	4.469912727232	3.54378237391337	4.06185437121842	chr8	53678538	53678932	Drd2
chr8,68677145,68677457	0.105979252162755	2.67020522859986	0.42366408459896	0.617970277744115	6.29406538784629	5.87038059076043	6.7903545263011	6.6717271658005	6.06549945580797	5.31106324509165	6.24486282239222	6.18532337843765	chr8	68677145	68677457	Smad3
chr8,68678029,68679143	-0.0108424844886922	5.13012886224624	0.859600680844068	0.937399091758415	33.6917740118809	34.5919977177553	35.1382522314309	35.3975352064584	35.0882551465407	33.814312938548	34.7709853574602	36.1880277591054	chr8	68678029	68679143	Smad3
chr8,71055855,71056120	0.596409025970904	1.74181216778956	0.00195328767322028	0.0120917309341678	4.53554495203332	3.3933180517605	3.6690835979581	3.61397190577629	2.51967752415965	2.70079250981625	2.79570434221244	2.03025246472824	chr8	71055855	71056120	Ankdd1a
chr8,72405344,72406370	0.0847559599831217	3.72165282395404	0.395864169689454	0.592320458262835	12.8657849230819	12.752110835036	14.7750482015577	13.1583670699	12.5983725381074	11.3667463930162	12.7706664857798	13.7560236330778	chr8	72405344	72406370	Car12
chr8,89368993,89369727	-0.230325230330742	3.97321493934822	0.0121965305989441	0.0505667764229773	13.050830000577	15.8789328120634	14.2197947340039	13.9923602897139	16.5183864458669	17.0454964492139	15.1981804399843	18.2797018455556	chr8	89368993	89369727	Mei4
chr9,16933928,16935428	-0.516281141544464	2.86158545270554	0.00514071451469797	0.0259486897572615	4.35013253637578	6.42521430040767	6.51636020261064	6.0231025303095	7.93356849465988	6.61751551928728	7.18097479759212	11.6356722751035	chr9	16933928	16935428	Crip3
chr9,63638373,63640080	-0.269189587355799	4.86637172710214	5.23918746482954e-05	0.000635921993232834	27.305296923379	25.4143853911188	28.8135707822901	23.629927595082	31.0769429589256	31.6702715794454	31.7874908295262	32.2180344918659	chr9	63638373	63640080	Satb2
chrX,104984715,104985407	0.0965988714014303	2.71916362390192	0.485062862550277	0.672405503271037	7.03461568567109	6.60639410608497	7.4342552752436	5.3749241416586	6.06627037719376	6.51952511650442	5.96667420433968	6.185029365972	chrX	104984715	104985407	Xkrx
