logFC	logCPM	PValue	FDR	Bo_14_2b	Bo_15_2b	Bo_22_2b	Bo_23_2b	Bo_24_2b	Bo_25_2b	Bo_20_2b	Bo_21_2b
Btbd17	-0.668006663439227	4.02384872400996	1.06996103737569e-11	1.49308199306517e-09	12.4363107786511	12.63849779118	12.219110521071	12.4079609927637	19.6351389152	21.9143605873092	17.1415417429533	20.4238755843988
Btbd17.1	-0.668006663439227	4.02384872400996	1.06996103737569e-11	1.49308199306517e-09	12.4363107786511	12.63849779118	12.219110521071	12.4079609927637	19.6351389152	21.9143605873092	17.1415417429533	20.4238755843988
Cep295nl	-1.04350684840429	1.50926702517062	9.76373103986328e-08	4.68353973318441e-06	1.84500291201293	1.54833981000727	1.7339326200727	1.8642477532398	3.94136625182071	3.72301265544304	2.89637801228738	3.92379610849437
Lsm11	-0.74922506480765	2.63740209163879	5.01891188358188e-07	1.95865162914361e-05	4.33339757264106	5.74883682873446	3.72612893317739	4.21946915900349	6.60281015575754	8.59413943364217	7.41517767357256	7.76907876672179
Rasgef1c	-0.789409388949058	3.09178265433799	5.61252627714817e-09	3.99675518138154e-07	5.938024928511	7.61086510771389	5.29420065092041	5.59955516343648	9.3392725327077	10.5127776466612	12.254316918699	10.1735232519295
Shisa6	-1.07847452724234	2.75992239694425	7.2613031157195e-13	1.4752191550539e-10	3.77285339811756	4.73386154130948	4.94201665084058	3.49311483386982	8.29119059058562	10.4098189382872	9.43495327336486	7.69271526660996
Tnfsf13	-0.799324174012844	3.02825098137618	4.81717532413533e-11	5.8376558862219e-09	6.17679018977115	5.18892760635087	5.69762457884535	6.24137643564809	10.9408890691643	9.52626507349329	9.24951484702317	10.891515523873
Tnfsf12	-0.610117353190287	2.91117305718437	7.99594678893922e-06	0.000217700814130708	5.77707576724478	6.12731510144603	5.53474050039975	5.83893127726766	8.69165332034464	10.4904539271121	7.07927210889707	9.37025521491556
Ybx2	-0.650094838565467	1.74065271896435	0.000302880731029645	0.00470145763952196	2.32746681367371	2.16761352765362	3.12565190289607	2.2725767368671	4.10291224122857	4.13453669321573	3.77728758775651	3.52554532558015
Gltpd2	-0.654659600384571	2.6608545767563	1.76336498772946e-07	7.8837822995089e-06	4.893899988153	4.57220210485845	4.86908833178102	4.78476909645305	7.80449182626127	7.45057581653193	7.26952280835667	7.60916089185867
Etv4	-0.686593292689243	2.60021128550671	5.84088829940664e-07	2.2476844528218e-05	4.33340337131494	5.35733484912889	4.21447856824984	4.13901204436414	6.60153881353809	8.0998894193847	7.35255604460474	7.0493253030053
Gfap	-1.45146683580649	8.94346611256508	1.53241340266473e-29	1.05851455789066e-25	243.756291831589	261.194344056498	315.266239220661	233.978918629729	706.771145941167	933.207091985312	574.699033110392	668.82420759652
Rras	-0.588649798427448	2.35585761610278	0.000130745363006053	0.00237977231874654	3.77178939785179	4.34524221390914	3.9623004875149	3.73237699737214	5.63445742512264	7.26380452873439	5.03305463798236	5.92739027782532
Trpm4	-0.716475446932051	2.12386956182956	0.000103320738826768	0.00196068132814808	2.80972736870924	4.35380576162052	2.89368105867066	2.59995284980003	4.26941055973632	6.19244214927581	5.65428019430015	4.72733326737723
Slc17a6	-1.42060166405944	4.11843534450245	2.06148117147614e-08	1.2436402787748e-06	6.90736233438139	8.36599381036778	16.0095100633248	6.10164274708886	24.0629620689698	35.9968298825455	22.6485077607464	17.4725946747958
Runx1	-0.990655127970935	1.20122860450348	3.84902409294353e-06	0.000116101021493482	1.44419230415106	1.63024604766317	1.24159810672304	1.37920960263719	2.65660412923948	2.81489308984124	2.92906568159383	2.96325748780131
Runx1.1	-0.990655127970935	1.20122860450348	3.84902409294353e-06	0.000116101021493482	1.44419230415106	1.63024604766317	1.24159810672304	1.37920960263719	2.65660412923948	2.81489308984124	2.92906568159383	2.96325748780131
Plcxd2	-0.765951661294486	5.24570006644262	0.000200039607714217	0.00337841953615147	22.5550100182566	42.4728888436316	26.9989829514759	19.734719329828	35.4249292148247	58.2968909085686	59.020507630869	37.3356408233625
Pycard	-0.854605498507206	0.959231276750103	0.000471274026809672	0.00666643348019681	1.12398629679888	1.08329641014	1.80604273090732	1.05632961388861	2.41351850073295	2.80497407911484	1.98379731942641	2.00354659609034
Tmem200a	-0.589806106923174	3.08576106967475	5.21539547311985e-06	0.000150418973822862	6.49950999986127	8.0751823101937	5.78956642967987	6.16682235526093	9.01651386682022	9.76984197247662	11.3901928890586	9.77259908497061
Gpr26	-0.684458810951062	4.98879665209446	8.97985197661887e-07	3.28192209145475e-05	23.349893892128	29.018141622651	21.2361970443384	23.35937966975	34.449209101992	50.8311107459658	29.7047702693565	40.8478411283785
Nptx2	-0.810692886081504	4.93963952653586	2.9869693031678e-18	1.58711465089473e-15	23.9061683086083	20.9269203631571	19.9927254633369	23.7544707038853	40.7145725513192	33.1399641400118	40.1243530850865	41.4077998087759
Hspb1	-1.22716757274027	2.38278572400217	3.17243472525592e-16	1.18451853322731e-13	3.0488080044672	2.5538539191133	3.45977683509651	3.00080270753495	7.72227670222136	7.3625291484375	6.10352073577064	7.12861900211436
Tmem270	-1.00650775709783	1.52845781094525	0.000169276820041438	0.00294158398600311	1.36593297130954	2.56691035946937	2.05942273091785	1.22164889103713	2.74051094724055	5.43094222459959	3.63930911210987	2.72629541401724
Rspo3	-1.34745226979213	2.19297572377145	1.86079512136084e-10	1.90421367419259e-08	2.08776289957957	2.32422837713324	3.69309328420681	1.79000697929996	6.19684874377702	6.6989788038495	7.68660555652342	4.65042343360283
Vash2	-0.833551343835689	2.05534486775343	0.000695764919925014	0.00905937075284078	2.24914418737982	3.49514148811657	3.70071989391431	2.03442835669188	4.26895073179053	7.73704598433394	4.54532912545219	3.92838975722593
LOC304725	-0.856182541166114	4.83728617048145	2.47037292375241e-08	1.44611025176439e-06	17.3366574432813	21.8715662723013	25.4616947138499	16.2364262007006	33.7224141552481	49.4146710650446	32.3370082752812	31.0046560358377
Cntnap5b	-0.994966446179927	4.7018028053683	3.75115629627198e-12	6.16931240869017e-10	14.8488687552976	20.4080088762359	20.360094006183	13.398920259797	30.5058196590137	41.2574204572741	37.7321512699379	28.1222365342942
Mfsd4a	-0.8206769010941	3.348007801719	3.44312465032844e-08	1.91246113148827e-06	6.82131194207694	8.69538177625027	7.10071925490813	6.25121324439653	11.351309268241	11.928450726884	16.5213404817751	11.2172660713996
Rgs16	-0.657491325242235	2.96478428061685	1.23744031433044e-07	5.7366570276762e-06	5.93733030188415	5.97000058604688	5.86179885281932	5.92017910764178	9.33468803236339	10.4970082034766	7.94866030450484	9.69105126037726
Itpkb	-0.589512021960274	5.69000674524462	1.93281886319735e-08	1.18149967234829e-06	39.0767050257714	35.8796930319608	51.0419503852987	38.3661079778762	65.9802435040332	68.6700878925176	54.7384479965692	57.994223170664
Fgfrl1	-0.6465859849813	3.62038051941134	1.38962763949556e-08	8.84686905052126e-07	9.22766797675608	10.4739197766185	9.00295539335959	9.08523809068696	14.0044732518963	17.2724801956741	12.867335792716	15.1378942696979
Fgfrl1.1	-0.6465859849813	3.62038051941134	1.38962763949556e-08	8.84686905052126e-07	9.22766797675608	10.4739197766185	9.00295539335959	9.08523809068696	14.0044732518963	17.2724801956741	12.867335792716	15.1378942696979
Lgi2	-0.762370904901817	6.89993384178953	1.31421463906745e-05	0.000334113155907126	74.3869894650991	127.529307807219	84.1257179946683	67.7453751317733	117.022358618795	195.741014122827	159.185685434678	128.16522661766
Fndc1	-1.37558371092565	2.05076806478695	2.25190247646942e-12	4.04026398862663e-10	2.00678506394379	2.95412816309411	1.90378452141483	1.9487443380823	4.83241695772073	7.42303516580144	5.11478926133226	5.60730708082335
Nefh	-0.59913406468223	6.8301276843793	7.89695893568326e-07	2.95067940396632e-05	81.6843961595209	113.776438782838	90.4691730441138	75.3600524885927	118.624500601721	149.950041158612	158.755833448203	120.074006647914
Gjb2	-1.0022741388301	2.28706580048827	0.000160338911473535	0.00281817056234972	2.80966057843823	3.17879894477399	3.78687048607739	2.84114057894868	5.71597250420752	10.2828711388625	3.32815309877118	5.9283218709968
Pnoc	-0.647176839739116	2.37670865545516	2.64939452514248e-06	8.35648067690488e-05	3.93146331284753	4.26735590971281	3.5551175099453	3.89292985345382	5.87560825253131	6.37004420453223	5.9884333801757	6.3272435446831
Klhl1	-0.66011534878877	2.208378150454	0.000657331935966022	0.00868168326517265	2.89073016141337	3.95886944486155	4.27912628004159	2.68256005422548	4.91132076248277	7.25528914348942	5.12507730875257	4.56830040678608
Calr3	-0.80538392442198	1.29741054450098	8.66017670359351e-05	0.00168507522760767	1.60502457886246	1.70591149921809	1.81365622634275	1.54211585805847	2.89713190933452	2.89756743933901	3.22416727785466	2.6442445155661
Hapln4	-0.699996423845162	5.91129437554306	1.43538476803081e-07	6.52297387182424e-06	39.8033431743098	56.5516111267246	49.8374236785748	36.6780526009435	64.3063545322599	91.4804130951984	77.8174107117863	63.5252687349451
Tll1	-0.590013287655523	2.83608073800168	0.000271454398211732	0.0042956958892269	5.05662728110363	6.83394545248362	5.69393509534685	4.62946505342702	7.32718119376443	8.2785522076358	10.7128355884743	7.13206711335912
Gadd45g	-0.76866493574585	2.13932009903309	2.28825708043318e-06	7.38604475845429e-05	3.209106127983	2.94410583271113	3.13690007567302	3.24302864309985	5.55151832866003	6.03167696146452	4.1666339579597	5.68595465877916
Gadd45g.1	-0.76866493574585	2.13932009903309	2.28825708043318e-06	7.38604475845429e-05	3.209106127983	2.94410583271113	3.13690007567302	3.24302864309985	5.55151832866003	6.03167696146452	4.1666339579597	5.68595465877916
Card19	-0.653126793444763	1.75267684190296	0.000124003559293442	0.00228110409006511	2.48732860589003	2.79408975359178	2.23314291237068	2.43351843259726	3.70282412868868	3.97232883727811	3.99895207394906	4.00468208190062
Ssc5d	-0.634887995950829	3.07104110472537	3.65058952697376e-08	1.99339503221907e-06	6.57879250467656	5.73112030077182	7.09028314845514	6.40703689341019	10.7800619840239	9.44298460994924	9.98946347317394	9.85254061529315
Ssc5d.1	-0.634887995950829	3.07104110472537	3.65058952697376e-08	1.99339503221907e-06	6.57879250467656	5.73112030077182	7.09028314845514	6.40703689341019	10.7800619840239	9.44298460994924	9.98946347317394	9.85254061529315
AABR07027407.1	-1.42969932422656	1.97454369138305	6.97045404140501e-16	2.34870298980513e-13	2.00601621967105	1.85878181816936	2.38777308517713	1.86681093418513	5.71235338185326	4.9739774957687	6.31158009164572	4.88783093914595
LOC103694210	-1.16469029478733	2.01840862260127	6.30008576131285e-12	9.77929042612775e-10	2.16733542520824	2.56009194177463	2.79975673047577	2.03067525717894	5.15121090784017	5.86912078111523	5.79631626459321	4.64792201489328
Cd74	-1.38886161127752	2.76024770196872	1.17258645961895e-06	4.13749527901308e-05	3.29118235135098	4.19151700669455	3.79542100017838	3.40836833081411	7.97265004609336	16.5397534389753	4.49798355981323	9.37194704229994
Mc4r	-0.77769090538048	2.4621976357629	3.00702509642669e-05	0.000681017241100569	3.2921526115991	4.73697801657344	4.69332955030213	3.00799698671559	5.87821978793904	8.74398235119282	6.8540927690879	5.53023218603406
Fxyd5	-0.663976993589256	2.6361724472013	8.66402676774118e-07	3.20036175926054e-05	4.49387155499879	5.12088584230099	4.70491278450191	4.38165358464295	7.08291053933154	8.5099894627664	6.83016958460019	7.28935118685233
Fxyd1	-0.627773855714272	4.16873852928962	4.09428958496638e-09	3.04100057076939e-07	14.6010640332215	13.2527922720662	13.1334715573547	14.9974681645932	22.3687912321038	22.998235706626	17.4707104835482	23.7854479899881
Chst8	-0.724695790695484	2.23320338129378	1.79028242851872e-05	0.000438383486649944	3.52989146919197	2.47206283185717	4.11611380833625	3.56707802476607	6.67412996272618	5.30267565721209	4.96968754819363	5.68691655342331
Mt2A	-0.985267774240432	3.42179971580488	2.6481230951028e-05	0.000608715816286942	5.94119830695653	11.9043120548945	4.97906421773931	5.444697446274	9.91086630082404	17.7535522042421	15.3068570954621	12.978124441993
Mt2A.1	-0.985267774240432	3.42179971580488	2.6481230951028e-05	0.000608715816286942	5.94119830695653	11.9043120548945	4.97906421773931	5.444697446274	9.91086630082404	17.7535522042421	15.3068570954621	12.978124441993
Clgn	-0.653606530080304	1.66112066014174	0.000539269504194772	0.00742772502537465	2.16708035065062	2.87428504600269	2.230598396895	2.03016668023983	3.22117700255581	4.45624679742129	3.56318423708762	3.44501900078839
Lcat	-1.17227279168494	3.2825845323967	1.00871789320804e-07	4.78881020435362e-06	6.09709079080639	4.32875141984283	6.59385378606209	6.56378360858891	14.8811970621134	16.5981574513885	6.836681085742	14.8145976509486
Crispld2	-0.859739220176457	1.86685162143512	2.4699089598879e-07	1.06524325283014e-05	2.48724313761007	2.63758737043015	2.3140696691554	2.43334470363777	4.34618982410708	4.6330434691114	4.4211482627617	4.56540669639223
Bicc1	-0.9395526384899	2.51805975282315	1.61039085954059e-06	5.45283081484149e-05	3.37164204055561	4.1117629048145	4.44766417457483	3.32902503171643	6.76190365433644	10.3836043720796	5.43248002613197	6.72988740757823
LOC103690108	-1.07901288305814	0.96022048100645	0.000135727789015609	0.00245429241524953	1.04357440306468	1.08459071915808	1.39881572870702	1.05524018247052	2.33418285469369	3.70037419216065	1.38445974988027	2.32323940187305
Crh	-1.17910666833861	0.744404655835585	7.55493236579094e-05	0.00149101986619146	0.723080963536135	1.55819507640705	0.746257597940146	0.651403596689149	1.45200855328639	3.04448268264558	2.14225844399919	1.7634099820762
Terc	-0.616404401431515	1.92767566316301	0.000622765280735468	0.00834481314583946	3.20797104793323	2.86840312512798	2.15745026976643	3.24068451607196	4.42584781621507	3.49065552178273	4.7221178648372	4.96429868605534
S100a4	-1.2277346303828	0.804586180588361	9.18637136989985e-06	0.000245473347147324	0.882926926518221	0.694951851535063	1.31389752296461	0.892693473965679	2.49307793990288	2.88467299816556	1.39192260082773	2.16291127118772
AABR07007642.1	-0.680110006503166	4.76395042313977	1.13846870450273e-10	1.24824961529406e-08	20.1400858149836	24.6743592489603	18.4263267283536	19.7110138189924	30.1021552322656	38.6177029762409	30.3554790807059	33.9607339983293
Grem1	-1.13071464458995	1.50196891823566	3.77917515148644e-08	2.03942596553849e-06	1.84462580885818	1.7843025095322	1.2453862436377	1.7831479508911	3.54139538719704	2.90921089794285	4.23426643988445	3.92396940265505
Thbs1	-1.10441154864085	2.30304299104241	4.55822777107067e-05	0.000962873343384424	2.24972847652837	4.59070233135047	3.29767526076818	1.95506740005155	4.67517704940498	9.96159231015972	6.49333565719357	4.89052026319853
Pdyn	-0.627963015028345	7.27213326745391	3.85242960171385e-05	0.000842109413729064	103.752135438684	129.251542616405	154.039005761862	98.3141855225514	173.09817729951	257.215393466273	160.399870278446	159.403888318928
Btbd3	-0.62571037308865	7.10797522451873	1.50471300130642e-11	1.92909317640339e-09	102.141734268049	119.411102297745	112.746234984249	99.111228225594	157.002715953726	199.912005703625	151.728860807588	160.278868168678
Thbd	-1.04889507638512	1.30506056244843	0.000489556081201759	0.00688718662097994	1.12499982835798	1.94303251234903	1.89175521757155	1.05836070138259	2.41773941766783	5.33845004150484	2.32223747186243	2.40532518153983
Thbd.1	-1.04889507638512	1.30506056244843	0.000489556081201759	0.00688718662097994	1.12499982835798	1.94303251234903	1.89175521757155	1.05836070138259	2.41773941766783	5.33845004150484	2.32223747186243	2.40532518153983
Bmp7	-1.79353401500598	0.893222586602112	3.39500281534937e-05	0.000755265119066853	0.56261147334781	1.08917605317128	0.824569211850656	0.569620098826459	1.77479844290307	5.65104785443563	1.00906180423126	2.1642744711419
Rprm	-1.51979693012965	3.61078717296171	6.0097642790318e-08	3.0081483157545e-06	4.73879188455143	8.70576770782147	7.49320886782676	3.74700718370067	13.1300034134598	17.4679858286002	29.4094673703725	11.0655391770974
Tbr1	-0.651984809174363	4.17056565696794	2.01512564763688e-05	0.000483315292050408	13.2402408927483	10.9919711008341	18.768233213876	12.4154381241574	24.2953500456697	18.5671758583314	25.8485746306349	18.428246949486
Pax6	-0.588657647313165	2.67023561725325	0.000633640972241217	0.00846590912138531	4.49485075052067	4.02335080331465	7.06633561190607	4.22264614941721	8.12458163649601	7.7759825119855	7.64198560395094	6.25096998907594
Pax6.1	-0.588657647313165	2.67023561725325	0.000633640972241217	0.00846590912138531	4.49485075052067	4.02335080331465	7.06633561190607	4.22264614941721	8.12458163649601	7.7759825119855	7.64198560395094	6.25096998907594
Fgl2	-1.09731358034128	2.14713671860673	1.17166876806237e-09	9.86988050657418e-08	2.40834936431343	3.3402206470737	2.88640723573124	2.19411987198555	5.07306808585852	7.26137298479776	5.77879496375573	5.12834424733662
Nat8f5	-0.953691759343383	2.42966986416817	1.7121450069961e-08	1.06546321043473e-06	3.85007146401889	3.48802866057293	2.89921956924433	3.9702738086401	7.00044938851051	7.44140158694709	5.07667937213011	8.08640850310176
Nat8f5.1	-0.953691759343383	2.42966986416817	1.7121450069961e-08	1.06546321043473e-06	3.85007146401889	3.48802866057293	2.89921956924433	3.9702738086401	7.00044938851051	7.44140158694709	5.07667937213011	8.08640850310176
Slc41a3	-0.651953069196099	2.0224354155883	0.000256963904253651	0.00414230611116008	3.12877403084272	3.80681729915255	1.99679164663036	3.1617360109008	4.18732170016652	4.71881211704354	4.70711449191331	5.44451526629715
Ret	-1.09168581566748	4.23009419240552	5.4285428397767e-24	5.76887071780885e-21	11.8746613753975	9.75492337800175	14.2538150901233	11.5984163932671	28.1575581083586	25.3272608461309	23.225270180752	24.5113061203553
C1r	-0.681478329077636	3.13457070236984	3.07033059894287e-06	9.51045229246543e-05	6.41947866010612	8.38828459512392	5.30019548494537	6.3277234026962	9.25917081608086	12.4750371287967	9.53019537251849	11.2122934389942
Sema3e	-0.608226046391159	5.87585151412601	9.05684258767038e-09	6.16356060830868e-07	42.1280829487467	52.8163656280151	50.6622737037591	39.915526160328	64.7851826773179	85.1977973937717	69.0658449263553	63.8432397495467
Sema3a	-0.826701368443427	4.59680972611967	1.84259348974996e-12	3.39405720811944e-10	16.04980590947	21.5774210682293	16.3527938869858	15.2559957008577	26.9654071091585	36.2966715391746	30.4678725716996	29.1579062925237
Wnt16	-1.12001723116892	0.286854121878839	0.000224876219649966	0.00373846567324221	0.642038043368891	0.698011701835044	0.741686450777751	0.568718356144978	1.36856668676313	1.89523752410404	1.20100044405762	1.36206300224267
Grm8	-0.591675402265517	4.47060326172205	4.30117325083323e-08	2.2854118638562e-06	16.6907056771461	21.341971412952	16.3546660162175	15.7412968657433	23.6647309380568	27.4717539258198	29.6765915791445	24.9128847625205
Grm8.1	-0.591675402265517	4.47060326172205	4.30117325083323e-08	2.2854118638562e-06	16.6907056771461	21.341971412952	16.3546660162175	15.7412968657433	23.6647309380568	27.4717539258198	29.6765915791445	24.9128847625205
Gpnmb	-0.743244256965209	3.12639660749455	7.74720089915889e-08	3.76857677541831e-06	5.85903519289202	7.92104090244865	6.35680893212927	5.44040126670448	9.41991764691945	12.3130971938835	11.4394967603558	9.69439597513142
Kank4	-0.750451044210218	2.59830790557966	1.94986806147175e-05	0.000470112168747509	4.09315539508059	5.98510934801984	3.56169684680415	3.89666923261685	6.12114338322247	9.16197300296821	6.83146915585878	7.44899269328195
Lepr	-1.17524367877195	1.37597846352779	2.1462565784318e-08	1.28915367961023e-06	1.36459328411277	1.55114263449854	1.81035744787199	1.21902037207023	3.29972594938232	3.39338247229645	3.94961060869509	2.80536040751568
Eva1b	-0.700659743343925	2.11610537715755	1.71623839668352e-05	0.000422635177365113	2.96956399286296	3.02200019687285	3.78722232832012	2.92173306086507	5.23031844459737	6.11016628730023	4.46911225634484	4.88689801833788
Sulf1	-0.803852792318759	5.59696793065348	8.38832962189821e-12	1.25961710572308e-09	32.7391131963486	35.3539594149186	40.3338392931848	32.1234760926227	59.8716928775556	78.0628525572957	49.2675137005376	58.2339348977465
AABR07065173.1	-0.659883654614978	2.93168853577508	2.56490227478149e-06	8.16454491384938e-05	5.37719142661864	6.9882581456112	5.77841458829243	4.95305721577583	8.13156526461282	9.595527781502	10.6095439511201	8.17253856889578
Kcnk13	-0.875934744528703	2.32516756390475	1.04859256232515e-07	4.96106378374038e-06	3.05041660676698	4.27266895580345	3.46628561684668	2.84318061640563	5.47561922085717	7.18744368742975	6.87261112600661	5.52897310198587
AABR07063425.1	-1.71420575902466	-0.0124429117975117	1.75442907690509e-06	5.91157017010826e-05	0.480970391910956	0.3875564669858	0.168733101430652	0.485633004790237	1.28752946459742	0.998526966430781	1.20943945001366	1.60071203641853
Sstr1	-0.593803834848492	3.88921502233714	1.5681921190626e-07	7.07992618459146e-06	11.2340652597496	13.814849691327	10.5777643423745	11.0329356192898	16.0183532341869	20.416801189575	16.3112841952082	17.7815312749356
Kcnh5	-0.864006284503921	5.34155677761674	6.44111628851248e-12	9.88711350286666e-10	25.5197597825854	36.004824475234	29.3811815311782	23.5356662561712	44.9929671692612	60.7115399511526	57.0773067994834	45.5818753654721
Gsdmd	-0.742687245676702	1.80634939473286	1.92496320567993e-05	0.000465733216925887	2.48733267596081	2.40235426909145	2.72036498346167	2.35313845745201	4.26452839777652	3.8948504856506	4.65806681044778	3.8458225609829
Lgals1	-0.823261424761276	2.22213634003605	2.3416080778549e-05	0.000549224373439142	3.04979051266869	3.49103556456931	3.46375128922725	3.00280538082026	5.3932166274947	7.91184037559467	4.07953249010559	5.68719524288417
Maff	-1.24273544494187	0.112160452298812	0.000285272989631032	0.00446830652126157	0.561610679400295	0.856551818620667	0.170857995070453	0.567557631165266	0.96758627318387	1.40522047846694	1.05888457706482	1.76032838772013
Nptxr	-0.600994467214855	8.13237503428195	6.18581067758733e-13	1.27547723150551e-10	237.80886902153	218.086041624043	198.879844062777	236.548645001967	347.467509780794	293.371303901142	352.931229959941	358.355646726972
Scube1	-0.788574726220956	4.44666385088902	2.42974198898637e-08	1.4283781096956e-06	13.6451314659089	18.6233687694822	18.6285381191477	12.5052464976537	24.3893172862323	33.0648201306381	29.4389836741455	22.674609836623
Rasal3	-0.753583344610051	1.5450333841853	0.000357199691619569	0.00535799537429353	2.00610624179843	1.62365011736028	2.55030574011556	2.02773682477651	3.86047805460508	4.1271158411612	2.45716688203082	3.44432073409523
Grm2	-0.772406328975839	3.03032811431947	1.07420848000559e-09	9.27511884454828e-08	6.33696254335139	5.50100415107586	5.291488091079	6.48342457269936	10.6200650751838	9.6891843551488	8.80981333525897	11.2908328894596
Clmp	-0.781801942489015	3.80161477262693	2.46540804734134e-07	1.06524325283014e-05	8.82962797158881	13.1246025036865	10.3977794004847	8.12177347539597	14.6537072243195	21.3977364134261	18.4360239446351	15.142897834089
Exph5	-0.665819548639473	3.94731900338548	0.000122471632314709	0.00225893938641883	10.4342577827826	17.1720080971351	9.92538304032452	9.58195950831495	14.7371583955829	21.6577598810886	21.4733109834911	16.9040695629097
Ankrd34c	-0.697635913468087	2.89400712150578	1.41947506680278e-06	4.86601688533013e-05	5.13650104363847	6.99068166738766	5.20523902130213	4.79035722010907	7.81036852432621	9.75688060509818	10.0982204017439	8.25206602262865
Sned1	-1.3752834068666	2.98196583091728	3.44699834774215e-08	1.91246113148827e-06	4.17280201188855	3.9504639692266	4.78079115391672	4.37884125429735	10.864552217364	16.8945032676875	5.34295596440392	11.6930285010474
Pla2g7	-1.10001883721864	3.59034411161499	2.61385084393685e-07	1.10429203085589e-05	8.98128577848838	4.55225469607217	7.10467372542814	9.55494443538942	20.9870762877341	11.2205336054724	13.3479294207595	19.2173178723788
Ptchd4	-0.626671093043854	3.2699415356291	4.05921223793513e-08	2.17356655298736e-06	7.06194305097214	8.38062384950421	7.59249126279354	6.73598308183882	10.7856963140632	12.4048752321673	12.0767506036601	10.7350096902263
Slc9a2	-1.82104610209667	2.10012931866319	7.74409449924946e-29	3.56615551690438e-25	1.76540145981652	1.93950675499063	1.89722593850803	1.6237326201538	6.19724980718189	6.78187031049653	6.57067070398991	6.08845190060997
Nrp2	-0.902231855708097	5.64126621655951	9.4348273891847e-17	4.07319188692458e-14	32.3378867498247	40.4137579401477	34.8332927564626	31.0711060495145	58.7505373503296	80.5532415027248	57.9547006090582	61.9982145105138
Des	-0.789755512807331	1.23883758504784	0.000265153783792617	0.00422016074089286	1.44500144725981	1.54981739161775	2.05571813939544	1.38083937519925	2.81636632236637	3.22047352932073	2.70780300433178	2.40431215490288
Cited1	-0.732574630094965	1.42158733813631	0.000409231214613654	0.00598890808250808	2.08525094254358	1.62523662078749	1.65506216514646	2.18690106257	3.37853755258012	3.14542401787158	2.32081288755758	3.76244976528927
Rab40b	0.798063267896475	5.70738567454318	1.90869148750168e-14	4.88306905552514e-12	62.0247975066045	78.3317950085872	61.4305886914652	62.9370028077772	34.1265047711023	46.136242289441	33.910249458094	38.1266900057154
Ebf1	0.75176532941126	3.53052432415367	2.77922310602088e-06	8.72612891129056e-05	12.0408950604426	14.7328963580865	19.0193465690509	11.5301601073447	8.04898741031474	10.1583564458908	8.93399327383151	6.89266735569702
Sowaha	0.596845849712682	5.53221838868403	2.04699369937431e-07	9.00612036842551e-06	50.7130848851928	65.9266407606848	54.8954332323107	50.6958867343845	32.6784216843025	46.6198075352871	32.2629738707183	35.4050222400941
Drc3	0.612143489196044	2.626937840242	3.23399977046006e-06	9.90636515053343e-05	6.9814676750649	7.05310193895479	8.07919853648774	7.05713466182298	4.8279926180367	5.2076918489516	4.41000999612677	4.64613293249927
Nxph3	0.903656990281539	3.11904261138307	9.4895627904016e-07	3.44090052360625e-05	11.3925803103499	7.26283575189314	13.6736318499192	12.3196250497102	7.39634820520223	5.55164686258819	4.66348249203445	6.24681667961399
Ngfr	2.09839130527674	3.31034407011571	1.28970259841791e-24	1.78172413971434e-21	15.4862279810933	12.0732513622859	20.7537652217943	15.3301605466516	4.10209904739328	2.3390602424542	5.42629147161553	2.96615909996899
Ppp1r1b	1.08884910168087	9.47302001990826	1.31466043783964e-07	6.05401131625156e-06	795.533043125738	1480.67550623368	810.636641949404	779.84984457971	333.813984202228	657.206958704921	412.564816995232	414.35319470703
Top2a	1.71466701149003	1.12097621447152	2.78620004617564e-13	6.01427400592444e-11	2.88941446783894	2.86600661837115	3.70501458412439	3.0016533289517	0.965581843129869	1.23584812166839	0.701816918660524	0.881369823099656
Igfbp4	0.601259978229603	3.10883905597082	4.52730917388674e-07	1.79726368497831e-05	10.029893223374	9.84337827211197	10.6436673513158	10.3794731839634	6.83958942120661	7.68395729959568	5.52374238036177	6.96792712800075
Ace	1.02313207225971	5.13369197557511	9.66411570059118e-21	6.06862538198487e-18	49.7416542381044	38.430704428752	45.9821330633192	53.5065923732082	25.7435396143351	21.2862503291238	19.7737386661659	25.5472107181928
Rgs9	0.984828460761366	7.63555195230821	4.35877458132167e-16	1.5440120728451e-13	244.558552560425	330.706163428905	232.396677657251	248.568577682434	115.244957053556	165.220301212439	119.178407708182	134.084106212943
Cbr3	0.798895722241217	3.42034241253378	4.37302086696959e-12	7.03189915023106e-10	13.3992013220681	14.8949192094894	11.4932255418211	13.8651242486518	7.32451473229637	8.10616637401212	7.18949561799678	8.24865917338943
Prc1	1.45772977783717	1.3501176336055	2.68657592018818e-07	1.12811690995136e-05	2.81107769822864	5.68200404226823	2.81751211946079	2.76359518201721	0.887431598276744	1.72932430343147	1.35936097863713	1.12200457961721
Etv5	0.615648068137905	5.74529028431041	3.59225769317804e-13	7.63492923557762e-11	67.6345956949227	56.3451998889687	65.1269003745466	69.9758075808169	45.9421737910027	37.6845177794043	41.2343218110616	44.2120946256701
Spag6l	1.05360673433955	3.44208028683621	7.10434022721383e-08	3.51779427379782e-06	12.3614329292974	21.5209223139661	12.2385414651456	11.7730092546631	5.31813653185114	8.33998949520345	7.95622977516377	6.24974237553679
Crym	1.00133754991143	6.18365081473051	2.60307787141264e-07	1.10353411445973e-05	81.6882444291915	134.343513743036	89.0038702728672	82.2515185584307	37.4346901644178	73.77825300067	37.0506853521095	45.0184064592115
Vwa3a	1.04773624640345	4.06519600587496	2.67903932544198e-26	6.16848804683015e-23	22.5455049304479	21.704772832112	21.4690609166845	23.836300856515	11.0237553676382	11.7423105807206	8.93627280472981	11.6922593738424
Mki67	1.15968155176968	1.81427834753355	1.61140842393737e-09	1.33303038183801e-07	4.17407405201033	4.33857361039497	5.84280540950827	4.30105525242596	2.09224006438386	2.63833871079251	1.69506742946765	1.92298191122891
Aldh3b1	0.608908416897951	2.76922047816622	5.35959131805329e-05	0.0011067676241989	8.42343292746585	6.18825447526969	8.74130801362972	8.91482014128932	6.11171006073746	4.97109988553889	4.39080921896604	5.68575162787168
Tbc1d10c	0.619040395051383	2.38287659320035	0.000318999333367486	0.00490754542368799	5.61829582708567	6.82834689806845	6.35330343232896	5.76075775942253	3.62309340763944	5.51938180137084	2.9563164259549	3.92507628316784
Npas4	0.972521473307386	2.32990273502929	4.29767623487982e-06	0.000128511682218322	6.89870266388941	6.82531976288696	4.40145037884546	7.77565936102459	3.13917717610126	3.7986513407053	2.01923717012346	4.24181233925314
Rasgrp2	0.602996586318248	5.94895749466913	3.13093480633224e-09	2.37658595326813e-07	71.1703060878273	66.5045494335691	86.4668731498902	73.3129106053565	51.3363300591842	56.4112972569529	39.9307948913146	48.2198541671965
Rasgrp2.1	0.602996586318248	5.94895749466913	3.13093480633224e-09	2.37658595326813e-07	71.1703060878273	66.5045494335691	86.4668731498902	73.3129106053565	51.3363300591842	56.4112972569529	39.9307948913146	48.2198541671965
Lrrc10b	0.859250794508159	5.67040019130769	4.49830169812193e-06	0.000133643092386139	56.8137413929808	97.9959834280582	50.8163978300793	56.3793201080738	27.375756969215	48.9168998478236	32.7786860571569	35.2442372643161
Tesc	0.647125573806097	4.96352227429511	7.62612246166477e-10	6.71050202598081e-08	35.9477041689401	44.6023039618441	34.6867001796046	36.4167544374032	21.8936141900572	28.8486011499496	21.6448936986113	24.5096002187914
Tesc.1	0.647125573806097	4.96352227429511	7.62612246166477e-10	6.71050202598081e-08	35.9477041689401	44.6023039618441	34.6867001796046	36.4167544374032	21.8936141900572	28.8486011499496	21.6448936986113	24.5096002187914
Papss2	0.682746452125999	3.87768387876835	8.3441729758607e-12	1.25961710572308e-09	17.8923642642366	16.3499908961234	19.0581832821963	18.4874672837956	11.7465800709047	11.8284092711792	9.661119185918	11.5333308025854
Cfap43	2.25841404774604	1.57664515987596	1.15963882439658e-08	7.66526811437263e-07	3.45468311351031	9.35048245231055	2.75044978780258	3.17422385904342	0.565658192254266	0.912013925519306	1.67772470552786	0.721894185237538
Tpd52l1	0.722757466673365	5.06068119972383	1.38098714774347e-14	3.5996863105804e-12	40.8399320418171	35.8787962159019	46.6928449364939	42.2489050797928	27.0332392335855	26.3111541824922	21.8475653528695	25.2307484288927
Cenpf	1.30763240460499	0.923013326245283	5.41264713512034e-08	2.77976654913336e-06	2.32754923683868	2.32403174007298	2.8826618780556	2.43352924007143	1.04591873881319	1.15596389412859	0.848512827992886	0.961385003978265
Irf6	1.03061309899952	2.76111583228806	1.16741099578889e-08	7.67989662229689e-07	7.46627898214512	10.0876275710623	11.1160516469552	6.98649944941445	3.86512595902195	4.87531372451786	5.31980960652099	3.36728044541675
Lgr6	0.737431571077969	2.35695630720262	8.49128525801601e-07	3.15341682364224e-05	5.85843000664995	7.14049268536027	5.94722054118234	5.92234179267979	3.38161008896618	4.45734201616854	3.33747514004962	3.76454708571797
Ptprv	0.807287925903932	3.0021755548193	1.63102131818851e-12	3.04494047442895e-10	9.94930226695769	9.61054119506268	10.5597053817888	9.97525921735981	5.87367531304613	5.30364595788826	6.15306622515131	5.52740934322719
Ptpn7	0.760097225008256	2.24560514310437	1.33748552142021e-07	6.13865863070438e-06	5.69698634181939	6.20589830363877	5.61561999867425	5.59715033135523	3.29993443034004	3.23122788643063	3.79839549990681	3.28450139578392
Ptpn7.1	0.760097225008256	2.24560514310437	1.33748552142021e-07	6.13865863070438e-06	5.69698634181939	6.20589830363877	5.61561999867425	5.59715033135523	3.29993443034004	3.23122788643063	3.79839549990681	3.28450139578392
B3galt2	0.648923008797056	4.37348094339144	3.42741821335709e-12	5.84565217500348e-10	26.2345203788036	23.1724110270823	23.7010378005993	27.4825108524029	16.896078586355	15.2376730064373	14.666851824042	17.3785995333387
Mettl11b	0.896880130534781	2.27858914064732	3.26717118767014e-05	0.000733918210693708	5.85812671308411	8.62798924519307	3.98976303964533	6.00222021796868	2.65878660569173	3.87987557226854	2.90991627418754	3.68314452315526
Kif26b	0.624184411304397	4.49015162768934	7.90265204102453e-07	2.95067940396632e-05	27.0390401901746	21.1410456309863	31.8290367640094	28.4598172114691	19.9493864670686	18.3672793191577	14.049200340909	18.0212676197699
Kif26b.1	0.624184411304397	4.49015162768934	7.90265204102453e-07	2.95067940396632e-05	27.0390401901746	21.1410456309863	31.8290367640094	28.4598172114691	19.9493864670686	18.3672793191577	14.049200340909	18.0212676197699
Stum	0.608992402619252	4.04427972204202	8.35427831274978e-09	5.71358192527912e-07	19.6576220092503	21.4065032142984	17.5181903643461	20.433333962635	12.3944208191386	14.5494676117766	11.0084754988426	13.9348983901914
Ephx4	0.644362195283024	4.24555388069652	1.32575827528983e-06	4.61343843151864e-05	21.1853611009955	30.0384274155517	19.6706291276837	20.9312345809883	12.480013572125	16.8617645379527	15.0671604548984	14.3383575856518
Slc10a4	0.600186989263755	4.62564815249469	2.67153869175155e-06	8.40713144112702e-05	30.167060764027	35.8442604650223	21.8401349141753	30.4083052352053	17.5480459500949	17.8107228052365	21.7446364335864	20.9031232479438
Tiam2	0.728263146840756	5.97651273919386	9.65436628345821e-11	1.0756054048869e-08	71.3337203474076	95.472047606948	75.7023055702989	70.971508596543	41.5314980211134	58.5422914365622	43.9190669766957	45.2575541576668
Rab32	0.822880701629484	1.73087003487095	0.000418891411699876	0.00609156300277241	4.33160076189888	3.24872896767666	3.63850483842064	5.01992309989485	2.41342686282409	2.80466494772623	1.09380481426305	2.88131408748824
Cfap99	0.677454385451194	2.44767181239935	0.000405469929818699	0.00595278116944243	5.69955586648211	9.09324999894916	5.869787445898	5.44128615874039	3.30318702589806	5.03306792214425	4.28989340185019	3.68584091595317
Kremen1	0.738288477228192	5.70127224595534	2.85149974530272e-25	4.92418362266964e-22	63.2260383726573	63.8816783402622	67.9236277753453	64.5533743945242	39.1885358307292	42.1931515273302	35.4186578537266	38.9277473803409
Ramp3	0.745495512449412	1.53130533320784	0.000588489074845034	0.00796275863759466	3.68977124491904	2.62832453709212	3.2228184051579	4.21034065117423	2.33202167726033	2.15028356557952	1.25048881173993	2.48142489879718
Rarb	0.750258901355994	5.70569965483066	1.06758074028191e-11	1.49308199306517e-09	60.9819499563431	70.5632509757824	67.0205657679767	62.6925711771969	36.2965972990929	49.5964504439759	30.8628568013745	38.6075920503712
Pde10a	0.719555386733114	8.77192382171055	6.46926395224624e-10	5.91873387419084e-08	491.921694193846	642.439405926849	549.251522259908	491.619633679968	293.484847428022	421.621307434583	292.442678744456	313.587413272813
Pde10a.1	0.719555386733114	8.77192382171055	6.46926395224624e-10	5.91873387419084e-08	491.921694193846	642.439405926849	549.251522259908	491.619633679968	293.484847428022	421.621307434583	292.442678744456	313.587413272813
Pde10a.2	0.719555386733114	8.77192382171055	6.46926395224624e-10	5.91873387419084e-08	491.921694193846	642.439405926849	549.251522259908	491.619633679968	293.484847428022	421.621307434583	292.442678744456	313.587413272813
Egr3	1.05783927800013	5.71718765472622	3.44342488277527e-16	1.25186617777738e-13	64.0327709735785	93.2384168272761	62.5969960672275	63.7545630532755	28.5775443203564	41.4190706446312	33.3877098537166	32.8418344681849
Egr3.1	1.05783927800013	5.71718765472622	3.44342488277527e-16	1.25186617777738e-13	64.0327709735785	93.2384168272761	62.5969960672275	63.7545630532755	28.5775443203564	41.4190706446312	33.3877098537166	32.8418344681849
Egr3.2	1.05783927800013	5.71718765472622	3.44342488277527e-16	1.25186617777738e-13	64.0327709735785	93.2384168272761	62.5969960672275	63.7545630532755	28.5775443203564	41.4190706446312	33.3877098537166	32.8418344681849
Dach1	0.855584149591434	4.58437487815262	1.24446358776954e-07	5.74992122576462e-06	25.3626125751446	31.71315091777	42.0225378124266	23.8649023140769	15.9363725249528	19.9183859310157	18.8857763356522	13.2233566568466
Dach1.1	0.855584149591434	4.58437487815262	1.24446358776954e-07	5.74992122576462e-06	25.3626125751446	31.71315091777	42.0225378124266	23.8649023140769	15.9363725249528	19.9183859310157	18.8857763356522	13.2233566568466
Lmo7	0.610277772462004	7.52272288485081	5.01903124358332e-06	0.000145974561326534	200.752251100477	291.098789793208	197.395000625444	199.025128604149	121.845790890455	184.165389185729	134.829198218541	141.054646633389
Thrb	0.66643782913061	6.08174129906086	2.51800326009046e-08	1.46160567387183e-06	84.4852993924703	63.8506502895744	93.6563258505273	89.9245581076765	59.7782106602846	53.1337172279136	41.1266678266063	55.104903011162
Thrb.1	0.66643782913061	6.08174129906086	2.51800326009046e-08	1.46160567387183e-06	84.4852993924703	63.8506502895744	93.6563258505273	89.9245581076765	59.7782106602846	53.1337172279136	41.1266678266063	55.104903011162
Crlf1	0.628494742838224	4.65114403243342	1.37580554966321e-06	4.73983882009905e-05	32.0907596639652	24.1654671077777	30.3767094721899	34.855655374395	22.1221525694106	19.6985084717752	14.5940831622887	22.1824892269414
Lpl	0.764580506536309	5.50489893548053	1.05035820933057e-11	1.49308199306517e-09	53.119027173426	69.4202559880394	51.8590323510309	53.6120389643078	29.5404873973688	41.0862681332908	30.1337406862054	33.4811591777556
Tex15	0.737917297017302	4.30240778135164	8.10870084035306e-16	2.6051558630111e-13	25.1922123911662	23.175140485484	23.2868043110484	26.3489914481336	15.2072310491748	14.8146038997155	12.9431199062117	15.8569915642641
Drd1	1.04355177455643	7.23105721782948	2.17124607367961e-06	7.04125927415112e-05	163.690379059676	323.403910740704	162.417616612857	159.140620397551	69.7906745804144	142.315562229233	91.3016035138688	88.7538836196634
Gcnt2	0.653884769736401	4.39908702529987	1.30644886165628e-09	1.0938540014413e-07	24.1532359063813	28.9330561869016	24.8518807127575	24.5763303562918	15.0517917022079	19.8283497022428	14.0032940587733	16.339965534145
Gcnt2.1	0.653884769736401	4.39908702529987	1.30644886165628e-09	1.0938540014413e-07	24.1532359063813	28.9330561869016	24.8518807127575	24.5763303562918	15.0517917022079	19.8283497022428	14.0032940587733	16.339965534145
Hist1h1b	0.595208450872825	2.15914743233071	0.000543682293126395	0.00747870830425219	4.73557516113002	6.36801058010342	4.87499325441682	4.7879332837297	2.97983125720869	4.37061147266865	3.05214052241982	3.36441571412829
Hist1h1b.1	0.595208450872825	2.15914743233071	0.000543682293126395	0.00747870830425219	4.73557516113002	6.36801058010342	4.87499325441682	4.7879332837297	2.97983125720869	4.37061147266865	3.05214052241982	3.36441571412829
Actn2	0.59066051215043	6.11006002414644	2.75012841308223e-13	6.01427400592444e-11	80.1559187956648	84.432060786196	84.7682189644236	82.070741752455	54.0773279441633	63.1160383547084	47.4475236940815	55.5876797094384
Actn2.1	0.59066051215043	6.11006002414644	2.75012841308223e-13	6.01427400592444e-11	80.1559187956648	84.432060786196	84.7682189644236	82.070741752455	54.0773279441633	63.1160383547084	47.4475236940815	55.5876797094384
Enkur	0.675869025963205	2.23704143242045	6.97901918381639e-05	0.00139529884261105	4.97688292571719	6.9116001958548	5.61338651884102	4.9519498784318	3.06027601412457	4.37205297933422	3.34655565463518	3.28484102911696
Nrep	0.588786221614058	3.75714035103159	0.000149844604175267	0.00267110091184685	15.6467446785428	11.7606872573702	20.5924633432473	16.3800460172821	12.3858248527738	11.4951313889078	8.3530167572987	10.5732704405097
Sh3rf2	1.52230225081418	4.13572307842003	3.77402010604312e-06	0.000114841603006576	17.5056395509045	48.9543605819141	20.7545081511787	16.3343101999038	5.32465904149285	15.1424539565893	8.54983251809634	6.89368633744692
Dmkn	1.0012230782742	2.22365868833569	5.91216648845766e-05	0.001210023407971	4.57841237378851	8.62902683773995	6.75877919716098	4.14918820993562	2.2571590391689	3.71243955029067	3.89247904415568	2.16550705913067
Rasd2	0.692414358039453	8.78014646171225	5.35459501808743e-12	8.40610570169066e-10	500.906629610709	627.704228213734	542.485953015055	500.94297040387	304.990384718658	407.653610500713	308.379558058692	323.278558552751
Dnaaf1	1.57372712842495	0.973846684083763	2.04872851131792e-05	0.000489674470308946	1.92889058965314	4.98690678732032	2.15540744799068	1.79190587192549	0.485187947249144	1.55894348922544	0.853330910103662	0.721623061179058
AABR07042733.1	0.773474045316236	1.13979870679901	0.000757783229277332	0.00971129435293724	2.24805536229637	2.8713476878952	3.0466813950067	2.1931599564004	1.36890160302706	2.05867892562812	1.27297070033662	1.36227867997475
Adora2a	1.41548357410373	7.16233641889563	4.5826655687128e-08	2.40720626736758e-06	156.874132977751	351.564127494397	173.718571422576	150.714980079816	52.0092069916172	122.255788197749	72.1735024552713	65.6085657099309
Egr2	1.06648630702251	2.15548936593379	1.58111364760756e-08	9.97401143456549e-07	6.33671692817415	6.36181643290676	3.9865859476051	6.64385086929698	2.65628791155416	2.32553567156436	2.93185013065647	3.20246156328072
Stox1	0.728859644130674	2.12078408419639	1.90108048276584e-06	6.26812097121958e-05	5.05549551829718	5.42857278788209	5.36389791427189	5.11019679763808	3.05849158428513	3.71511999367158	2.69159886460795	3.20382836748958
Man1a1	0.628139843996082	6.22927229144963	9.65874696819212e-12	1.3899540558914e-09	83.9297838026028	94.5140192767112	101.418698527139	83.9448945907083	56.7342900535659	69.9743226319801	53.3239893056217	55.4308585302479
Hs3st5	0.875126259469425	2.85762804483321	3.66282222139785e-10	3.53859363556722e-08	9.4668393718125	8.132663207782	9.00005316637989	10.2116046642646	5.30963626721663	5.45599840565689	3.73438396120047	5.60502063613185
Gpr6	1.65340310339315	5.34924279892436	3.43784073645376e-10	3.34463167423301e-08	45.2674283030637	105.317369327977	53.4375542509052	42.6931222701153	12.9731410367748	29.3717283703051	20.3557538257244	15.626101187513
Gpr6.1	1.65340310339315	5.34924279892436	3.43784073645376e-10	3.34463167423301e-08	45.2674283030637	105.317369327977	53.4375542509052	42.6931222701153	12.9731410367748	29.3717283703051	20.3557538257244	15.626101187513
Ak9	1.35174144348567	1.41581827780023	1.77372038678236e-06	5.95497039753056e-05	3.53075966056585	5.36721690702515	1.84093988989946	3.72971257257331	1.04824625469486	1.40742698115903	1.42736792628817	1.76082902055486
Foxo1	0.707104396647878	6.38014591953038	1.67697761363179e-15	5.14832127384959e-13	100.615135201543	93.8739598587183	113.803065537912	104.369333850649	65.9820686555592	70.4896249844068	52.5659372975194	63.8377693615071
Kcnab1	0.80716004761156	7.82491351926176	1.88898289798452e-20	1.13462168415897e-17	269.911841851319	319.0509369899	292.865471989573	271.843043937838	154.10614708538	192.88441437498	152.525999927204	159.957804268222
Iqgap3	1.21457586265468	3.54111914071948	2.85594894168391e-17	1.36051498721942e-14	13.8857951707299	18.6217692201864	18.2223671754269	13.6363168875221	6.19946229695602	8.66540564005927	6.7735397402816	6.08986258015144
Psrc1	1.23656666385958	0.77128776117602	4.22769636074597e-06	0.000126693330203266	2.08659133734518	2.79753438036158	1.65964655853672	2.18971494805714	0.805482997173084	1.15436388636807	0.702725385770287	1.04085478785733
Gpr88	1.04354000141242	8.85289422188817	4.78749134748325e-07	1.87363152876717e-05	508.215390249072	977.905270285013	514.385717619989	489.528076654195	219.546635879759	416.78763718322	302.015795272499	269.69688258243
Gpr88.1	1.04354000141242	8.85289422188817	4.78749134748325e-07	1.87363152876717e-05	508.215390249072	977.905270285013	514.385717619989	489.528076654195	219.546635879759	416.78763718322	302.015795272499	269.69688258243
Ppp3ca	0.608626654951687	9.68366745400669	5.17945236982052e-11	6.0639097024636e-09	913.55041552845	1074.56963559721	1077.84740940565	906.830997357971	614.47539943311	770.106631932733	611.480672951933	609.791349853112
Wdr63	1.55655420224757	0.803949129206654	7.55500103444855e-08	3.70114678336548e-06	2.08742601130679	3.57933565550681	1.74386466763802	2.11106725740304	0.564757857352069	0.989748684019991	0.858418005535993	0.801048558834177
Iqgap2	1.0551289294333	4.45053987142632	3.75313401296519e-19	2.16039776621309e-16	31.4481956498243	24.6356512702701	27.4177906224281	33.9628260815634	15.6062214747264	12.8428818766057	12.151687936286	15.9355916703527
Mctp1	0.587941771005711	7.00168510862319	5.4774228886411e-08	2.79227295965228e-06	140.575874690311	167.400062354261	165.894418077239	141.200088226753	95.3628709691907	129.623394006058	87.1112287158148	97.1618500582083
Mctp1.1	0.587941771005711	7.00168510862319	5.4774228886411e-08	2.79227295965228e-06	140.575874690311	167.400062354261	165.894418077239	141.200088226753	95.3628709691907	129.623394006058	87.1112287158148	97.1618500582083
Mctp1.2	0.587941771005711	7.00168510862319	5.4774228886411e-08	2.79227295965228e-06	140.575874690311	167.400062354261	165.894418077239	141.200088226753	95.3628709691907	129.623394006058	87.1112287158148	97.1618500582083
Ankrd33b	0.651984904034475	4.27808116971208	4.32341768944709e-08	2.28842970803492e-06	23.3485587587717	27.6975479222416	19.0185999754608	24.0835367358465	13.6039230064177	16.783177108722	13.2291270945523	16.3371736579765
Ano3	0.777663064088112	7.96865351827701	1.91496876773663e-23	1.76368623508543e-20	297.67245161561	341.607457091109	327.77608591886	298.037179180094	175.509807647453	206.803942944578	178.603260212523	177.179505964979
Itpka	0.945855577109839	5.65642407740598	1.25987175238204e-14	3.34714004983805e-12	62.8264651182361	81.6731495224639	55.590151685768	64.8797434044032	30.0238194525002	42.1614219556059	29.3254222732276	36.0420671265336
Slc4a11	1.6100736785516	3.66549601559037	4.99337714097223e-32	6.89835052025314e-28	17.5743190012889	23.7501269160129	16.5294454492645	17.8462822498689	5.39518562978915	6.9416973959598	6.3566759201285	6.08783235843351
Kcng1	0.960013222434433	5.07669099922656	1.11764263600881e-16	4.67885848983689e-14	46.5330900621582	35.5600994769756	45.3952203104904	50.2641054067013	25.7428284236263	22.1054128604979	18.3959017467453	25.1469522875086
Nr4a2	1.24932533213497	3.41589516826105	1.12031731948934e-05	0.000289834902036427	16.4439655691501	6.93580697385351	16.4930996705227	19.680111752704	8.75896522784625	5.31045339797892	3.32947642752909	7.60513621373768
Acvr1c	1.05112087675526	5.18176995261529	2.69569502931318e-21	1.86205134149808e-18	45.3363506871031	52.1865664462296	50.7564773425741	46.9593434448209	22.1328722991157	30.0730668342175	18.6749790273302	23.3889480686392
Chrm4	0.68888743754758	5.71449889646194	5.77171799067945e-08	2.91008335916922e-06	62.0234497168442	83.6206279211818	50.0735915630754	62.8532334863062	34.3706956332886	45.6564553603377	38.0803978109829	42.2893507780757
Rcn1	0.636652044128792	5.54215220524352	8.23368485635605e-08	3.99117039615996e-06	58.3283208974796	43.9287206157341	61.8047938095581	62.269360332689	41.5126637358897	36.5004822019512	28.5763091574064	39.0045944063332
LRRTM1	0.654100957384533	5.823833484968	1.17579831032607e-16	4.77754519328078e-14	69.8030321588154	61.4646232129064	72.9565586688534	72.2509685766346	46.9091621989482	44.1150126436134	39.4786440869226	45.2540919863484
Egr4	0.64408392030989	4.07625447780665	5.63915326213548e-08	2.86415082045594e-06	20.1393755470003	23.8190060734869	16.8676094435484	20.7592076498136	11.9135489050926	14.7960701387839	11.4458328946977	14.0949492809432
Rerg	0.584316380981113	4.63537448566104	1.47192448051001e-12	2.81192665463531e-10	28.9656998474305	28.4482905904822	31.6841156451793	29.5196102983854	20.1969121912055	21.2584738236448	17.9431261269174	19.7842951917339
Mpp6	0.594715308710667	6.19388336779441	6.0700871269876e-11	7.04691207221291e-09	90.5021340775587	73.6285647717041	93.0962108531884	94.548134401572	64.2875014765654	56.1263838892349	51.4554454075667	61.1124625582256
Pou3f1	0.752470004185242	5.22819553287782	6.75451629635143e-25	1.03681825148994e-21	45.3341677444476	45.8165472319927	50.746995356246	45.6603764382063	28.1638632050485	28.7145780601769	27.5408560425342	26.9143737767453
Clspn	1.51974935265744	0.747002211890722	3.3080607114358e-08	1.87298601346253e-06	2.16683314483564	1.77810701667022	2.71651191351326	2.43154619035409	0.884632569662604	1.07040119909116	0.410993172310666	0.80097394077811
Hpca	0.722345713039236	8.92773118071006	2.45692766775542e-13	5.47458963387761e-11	565.333838518709	680.1854309739	607.943041441843	571.655855656509	339.108374588555	448.290681451464	322.838899171893	359.882402316557
Gabrd	0.71937781216014	4.93008640888608	3.12003838309624e-07	1.28666657499924e-05	33.9444619446403	49.1936763761279	34.1112694970323	33.8287586112707	19.2416213330967	29.6564800210894	20.6499393611709	22.1884377984895
Dnai1	0.772976465886895	1.28711975242561	0.000427945062429411	0.00620363172871176	2.72869641617693	3.73004953565895	2.32040779731356	2.75854244561482	1.44989512032754	1.89991698943451	1.6384784882601	1.76192843955758
Syndig1l	0.937752010090943	6.40094655036029	6.60615866863015e-09	4.6326945181282e-07	97.8932183524293	152.173682633814	94.9629307717775	98.5470710335396	46.4460430595148	79.1141670610395	49.4407314758371	56.4704288787688
Slc24a4	0.764452231695532	5.83397210951882	7.13304781190619e-11	8.211921293457e-09	66.3581680908395	86.3986753543762	66.5485005230693	67.3177470975556	37.1855876456917	53.4051488066583	36.1022344581419	42.0517025644312
Slc24a4.1	0.764452231695532	5.83397210951882	7.13304781190619e-11	8.211921293457e-09	66.3581680908395	86.3986753543762	66.5485005230693	67.3177470975556	37.1855876456917	53.4051488066583	36.1022344581419	42.0517025644312
Asb2	0.6864977873627	2.36563411180517	0.000529390946058303	0.00731353591979545	5.53843924434491	4.87360057918988	8.95701479992287	5.3583535370896	4.26277277528347	3.72673999863988	4.15145189730177	3.2060355557913
Ppp4r4	0.854898797181347	5.32352262889227	1.13140145041811e-22	9.19430061030949e-20	52.9527544474583	44.8720772082745	52.16537716145	55.7029983220095	30.7344132957794	27.4862187711655	25.3517610949358	30.194479194522
Bcl11b	0.679058447652072	8.24763994082973	3.58304581767248e-06	0.000109271033048886	323.432962541209	489.419562560275	367.660253539842	315.649329498591	193.385097355084	311.2743391932	217.900332413677	211.945201286019
Cdkl4	0.835687207810932	2.42631611534039	1.89337732880318e-06	6.25765736780285e-05	5.78007027902878	7.05792647670055	8.23360465911449	5.76458579539352	3.54184505710537	5.02697555981177	3.18798167353821	3.28560316294044
Dgkb	0.8453140078913	9.1335208927527	2.07657384698244e-21	1.50988777347697e-18	668.595449326928	772.280992451966	773.590682643425	671.568214800424	381.513663006119	471.728412091958	371.613955267845	381.750928669345
Kcng3	0.639986371837464	3.25659836161415	2.48648134267337e-09	1.95174657664958e-07	11.4735135769673	10.8497867815338	11.7188768136876	11.8379837016107	7.64349206515684	7.52984735568408	6.75838381964759	7.52880075852178
Akap5	0.778906077059901	7.14173991075335	2.72811262524085e-07	1.13520710595489e-05	152.053507463844	241.875112373997	172.857557331289	146.322673613326	84.2678521524038	133.755793796209	105.702293902912	91.8788692586778
Gng7	0.997569293034971	9.09899075352396	4.85177802007452e-08	2.51038626769024e-06	609.710208695883	1056.49581858917	661.294510346718	594.949299159913	281.103028418239	512.21253447372	341.146318740119	329.289579934397
Gng7.1	0.997569293034971	9.09899075352396	4.85177802007452e-08	2.51038626769024e-06	609.710208695883	1056.49581858917	661.294510346718	594.949299159913	281.103028418239	512.21253447372	341.146318740119	329.289579934397
Plk5	0.914050295476394	3.14144170184011	4.37743993427341e-12	7.03189915023106e-10	11.1531562318996	10.4603202248544	11.8808233702636	11.9178773715779	6.19544801595506	7.18339064134857	4.36603891105894	6.40672726040119
Plk5.1	0.914050295476394	3.14144170184011	4.37743993427341e-12	7.03189915023106e-10	11.1531562318996	10.4603202248544	11.8808233702636	11.9178773715779	6.19544801595506	7.18339064134857	4.36603891105894	6.40672726040119
Mchr1	0.631984931134888	4.16631205262297	2.00599349178247e-08	1.2208281977522e-06	21.0226856933542	18.1249363966227	26.1303903775236	21.4105937273195	15.3651148163217	14.1518398323502	12.9609376602265	13.4576619651494
Nr4a1	0.737509792652917	5.10060009744576	9.89229404226766e-24	9.76157444242341e-21	42.2038472427178	40.4631451040977	45.1400963592257	43.1422026939963	26.4727237604486	26.1512260363578	24.3098221166585	25.6314692243591
Nr4a1.1	0.737509792652917	5.10060009744576	9.89229404226766e-24	9.76157444242341e-21	42.2038472427178	40.4631451040977	45.1400963592257	43.1422026939963	26.4727237604486	26.1512260363578	24.3098221166585	25.6314692243591
Rgs22	0.848684057478623	3.04513512976202	2.41203434687127e-06	7.73138155499456e-05	11.1504161672554	11.872227752821	7.37960305494535	11.2672763354231	5.31337761100855	4.08014537233618	7.63538493740721	6.0866491976348
Arpp21	0.84888744067069	9.54063373748367	1.51761580830859e-07	6.87405324320759e-06	810.856080158137	1325.12294604276	910.23750959898	784.308379127271	423.93526338228	707.154647610975	522.592288013645	473.30675168105
Icam5	0.649554682640411	7.22481887393203	2.96663357091115e-09	2.2643117559192e-07	173.950674139011	213.311220506062	164.620912078251	178.334011074546	104.941461629238	142.876843121853	97.5921943127378	120.145488263328
Scn4b	1.05643973116537	8.1764819822306	1.15802228466133e-11	1.55742967093361e-09	330.33441071611	526.253281480768	384.664005949312	321.166959373995	152.185635331391	248.787835448095	184.321874973602	165.970086063321
Drd2	0.881755507994086	6.75951492186854	3.23351235593985e-09	2.4410367867382e-07	121.322917170342	188.919570966191	132.252288799066	118.746080737764	62.0570982058198	99.8999294782677	72.9074496932429	69.6898258472013
Smad3	0.687412893740151	6.42735672141379	1.49684903975555e-05	0.000372594044760772	93.1596422200846	142.477289387003	95.6120630008664	92.9529420198481	53.3662595296825	91.2733380427976	55.6419695050705	63.0394337428611
Smad3.1	0.687412893740151	6.42735672141379	1.49684903975555e-05	0.000372594044760772	93.1596422200846	142.477289387003	95.6120630008664	92.9529420198481	53.3662595296825	91.2733380427976	55.6419695050705	63.0394337428611
Ankdd1a	0.618481832779327	2.69951241826262	0.000515424984796925	0.00718507756794931	7.46260826996784	6.34690218004011	9.06223312611483	7.94584319246327	5.38963940907349	6.35157338913382	3.14397888898215	5.20577383771322
Car12	0.753395310120059	5.82692912410381	8.77463232708577e-06	0.000236760831247441	58.9022214599639	98.2886882201814	70.8248458281523	56.3876975155615	33.4095323752408	57.3546415060353	41.5975816496997	36.290799788977
Mei4	0.918031123751119	1.08068282608094	0.000151099837741673	0.00268654344710582	2.72733993133053	2.24493841598229	2.23439099332834	3.07715155641176	1.36799823721279	1.64987913640324	0.758542788022151	1.68081916567927
Crip3	1.30379645875473	0.0175286130246582	0.000140074261250817	0.0025249177014321	1.12380716796677	1.16209202336996	1.48134967882501	1.13632611645814	0.482954484828207	0.658923374880081	0.34950325301239	0.480684059295651
Satb2	1.49259985391678	3.01463695815277	2.6354763812066e-06	8.33160325088539e-05	13.3143682904522	4.61098029234399	13.4362444364227	15.7084802200038	6.34531330354191	2.67124395476974	2.80209401481127	4.883615468786
Xkrx	1.0359590756353	1.05337273424285	2.49805397894902e-05	0.00057903717649632	2.32796002203756	2.79299585492205	2.72204685479228	2.51478454716961	1.12742783836513	1.97206656726982	0.688330525861307	1.2815296573576
