logFC	logCPM	PValue	FDR	Bo_14_5a	Bo_15_5a	Bo_22_5a	Bo_23_5a	Bo_24_5a	Bo_25_5a	Bo_20_5a	Bo_21_5a	V1	V2	logFC	logCPM	PValue	FDR	Bo_14_5b	Bo_15_5b	Bo_20_5b	Bo_21_5b	Bo_22_5b	Bo_23_5b	Bo_24_5b	Bo_25_5b
chr10,74883053,74883612	1.00074040405445	2.89660581723803	3.99726665903474e-16	1.20552565853164e-12	8.67316230130514	10.6719871876874	9.78652387442217	10.0717210078347	5.1700980730474	5.01784735348541	4.85404670861721	4.52075929893244	chr10,74883053,74883612	Sept4	0.333864225308048	6.54081225666341	0.00193506645666009	0.0169522723386279	108.912540856619	116.5558391345	79.8584383862181	75.6286708633866	91.244041458012	98.0415197890607	104.215971761258	69.3793902885043
chr1,170465242,170465665	0.637731677484906	2.04054984587454	2.68391497892e-05	0.000634436479716552	4.57324093208455	5.44075124500562	4.64603919514885	4.79324004491264	3.11271100769747	3.62211844356532	3.07641487645557	2.68162719254584	chr1,170465242,170465665	Trim3	-0.0144122954303125	6.38041540592018	0.808053936440451	0.921834936744571	82.7222688073148	83.9198207251753	85.4741849479359	81.5039031514164	83.4039844625603	80.9951479061455	82.4599705821038	84.9181264514556
chr1,198931767,198932166	0.715572749324279	2.10794747221628	1.2241851910486e-06	6.04831046507088e-05	4.97748065699962	4.87349046035656	5.84945473356162	5.14056280371149	3.04466844088703	2.78963495447003	3.41922111501175	3.41644128727742	chr1,198931767,198932166	Fbrs	-0.0274079296643958	4.7276119308515	0.733340739209636	0.879494713001284	26.1885242155638	26.6267019915315	26.5473543547401	27.2139641868083	25.8890668167304	25.7118194160697	28.9193806765652	23.8013687099305
chr12,40517569,40518399	0.585721728172797	2.13921248175859	4.55113562289695e-05	0.000939730304818394	4.70665735406127	5.37581570701372	5.00221654826419	5.48674715695305	3.84810367270339	3.20711264325925	3.28122087426798	3.34455849926214	chr12,40517569,40518399	Mapkapk5	0.0114770240765548	4.96019255529685	0.91026931168077	0.970805967852577	31.4541458813339	33.7033515169695	31.5268612661519	29.663801370823	30.2276430093753	29.088103095225	35.5047848793101	26.8386645285678
chr17,15642303,15642614	0.840682082760305	1.72358841527688	1.79660290540162e-07	1.38635303726945e-05	3.96901933456782	4.12726489795414	4.28344404449545	3.95984509829735	2.1840162294773	2.3693766259783	2.3932713724401	2.16266790643651	chr17,15642303,15642614	Ippk	0.228337970600669	4.51892210753369	0.00548515181763108	0.037121076890437	24.594973591336	26.0571537859137	21.6334347410152	20.3588756146689	24.4895782620966	23.2028095191948	22.6131625421763	19.3751487153862
chr1,80027845,80028097	0.90908202322417	1.96662182946017	2.07687908892589e-08	2.60511299169714e-06	4.57251630706035	5.08336039634388	5.7048994058152	4.44708673509549	2.24569632656588	2.78728564116506	3.00948338302498	2.49025793606261	chr1,80027845,80028097	Fbxo46	-0.0848886877984626	3.74870707018919	0.399774449117406	0.645564498669174	13.5801611640589	13.7354763964619	13.4528859903868	12.3144146714939	11.6164868227887	12.7200296375155	14.783064868089	14.2361938258434
chr19,53497370,53498100	0.667287510020013	2.18651258330694	9.69291359273247e-06	0.000293703643407824	5.11131672656672	5.02266448527066	6.27561079110334	5.34900705998739	3.2425755618554	2.92947320232629	3.76134418595897	3.74591617520844	chr19,53497370,53498100	Fbxo31	0.0596732401978225	5.83706433998777	0.351954280450984	0.60388091842919	58.1965691247221	59.6985044160175	56.7929536669666	55.6182147863518	58.3548881248572	56.5659557243537	58.2968207133808	52.7320411099566
chr20,3372539,3373368	0.764992537952233	2.0940072335414	1.96457041020782e-05	0.000500981190591733	5.52020233769713	4.801830995647	6.27269733459149	4.30920448219109	2.23938253438182	3.34436215648821	3.76257429430993	2.95001916207073	chr20,3372539,3373368	Dhx16	-0.130617500159478	4.89551626594902	0.0873671631964892	0.26234208004254	28.8909953787287	28.5396575738841	30.1795647660244	31.3417956699159	27.0792649668174	28.6252218140928	33.5605069307866	28.8388610298326
chr4,7279907,7280354	0.681811861901656	2.64428113757035	3.52398293883498e-05	0.000776230703273934	6.85848550040574	9.32342387310264	6.72394160385589	7.36368694008734	4.70238511349449	6.12761043888007	4.44316383011974	3.58979550053554	chr4,7279907,7280354	Slc4a2	0.235854739799987	4.89069277696361	0.187925594450322	0.424502188920483	32.7015724049164	42.4635901335191	29.8816281541873	19.9435180287323	28.550000970945	24.1240552339583	36.7691465197672	21.9289705768727
chr5,139005380,139006678	0.704595468000231	3.92535596928563	8.33048540041236e-06	0.000261138529132632	18.9095822486567	21.6317099326832	18.1480136288896	16.1888907580596	9.25109166851006	16.225420078814	11.8970676204964	8.56068329012681	chr5,139005380,139006678	Hivep3	-0.213810602813263	6.78886795772656	0.00140731584458247	0.0132537577544849	101.428047554578	104.8104060056	121.131198213806	120.680318483387	104.394602956789	98.4506033433553	127.399961003194	105.328460573532
chr5,64327689,64328289	0.640172481747699	2.70230567853214	2.9784626502654e-06	0.000117712315590798	6.99246719238151	8.39099729405027	8.70470034107425	7.08698856833057	4.36268975339661	5.43478725807412	5.53944455033847	4.65249280269506	chr5,64327689,64328289	Tmeff1	0.0895234689517939	6.04773430080074	0.364664992296537	0.615350045217814	64.1529189658632	74.9878414746341	73.7141126932101	59.6074849796232	76.473924179469	56.6781862150918	65.1197505183839	57.4837518654055
chr7,123585603,123585940	0.690942763263937	1.82492293466328	5.01587978728097e-06	0.000176239997516109	4.03567401792515	4.20264281833781	4.28533450434048	4.37583620930127	2.71712053005482	2.50967762399431	2.59792399179577	2.62449337404235	chr7,123585603,123585940	Ndufa6	0.0769201878227391	5.40941807158671	0.268260435928728	0.522247233639025	43.5088718829076	41.5043824094544	39.9309920335219	44.1431029912289	43.381444559104	45.5480976041083	40.975964122961	39.899714185276
chr7,12904891,12905069	0.873605889102552	1.918053497342	1.46063696316502e-07	1.1892279418543e-05	4.57427269266699	5.15004689907608	4.99707650092474	4.23870191015733	2.17918867159609	3.13388903615112	2.80383933638001	2.223611844903	chr7,12904891,12905069	Cdc34	-0.00759665393440497	5.23262757478329	0.925470813451057	0.977171497782737	37.8974547788831	37.9580024317803	37.9334478313859	35.470873527661	36.5248370104786	37.0809735605961	36.4122093069215	40.3916833585591
chr8,55177572,55178014	0.811946803654595	1.98517260464008	8.30536569969273e-07	4.48954947505198e-05	4.9801444061983	5.44160170217194	4.22309327510671	4.93187802258542	2.91627509932889	3.41235762125565	2.59736554771973	2.21988814622327	chr8,55177572,55178014	Cryab	0.312929200071711	4.43259041524974	0.00130145153480481	0.0124278177266358	24.5264754312063	26.5486256403452	19.5702813778853	17.0720477070193	22.0419496534683	21.9824584511831	21.8052262950439	18.1231336676253
