logFC	logCPM	PValue	FDR	Bo_14_2a	Bo_15_2a	Bo_22_2a	Bo_23_2a	Bo_24_2a	Bo_25_2a	Bo_20_2a	Bo_21_2a	V1	V2	logFC	logCPM	PValue	FDR	Bo_14_2b	Bo_15_2b	Bo_22_2b	Bo_23_2b	Bo_24_2b	Bo_25_2b	Bo_20_2b	Bo_21_2b
chr10,76038564,76039049	-0.623124411966558	2.57286428252631	4.8669861051334e-05	0.000597130809857887	5.46117002117904	4.03527864658314	4.3109115247165	4.35528173109235	6.81304262803031	7.82236626316116	7.64216532552232	5.7219499670325	chr10,76038564,76039049	Msi2	0.0718891160302608	5.71527825492597	0.325278461818585	0.621417344970776	52.1538526689954	51.6290000205362	59.0792140119589	51.9057320237727	52.2235096038979	53.9518881122332	48.714173564935	49.5022205400378
chr10,88265018,88266791	-0.610656826990394	5.06059026720031	2.44516195443711e-13	3.6801813642065e-11	25.6390724955174	23.2988713502998	25.1344757721336	31.041357849875	40.1277867307384	36.1466446454791	43.8071655915205	40.4338012371418	chr10,88265018,88266791	Hap1	0.126277571895871	7.44442778164122	0.199599998571007	0.477706150562895	181.56966760271	156.974727888904	200.391184462788	187.732976414634	179.200115964701	181.155460816287	133.962673891834	171.568556041767
chr1,228752212,228752771	-0.59247503231304	3.34364772141261	1.01473502217289e-05	0.000160764678547181	7.0344473774253	7.06205361497537	8.25788843687288	9.45123545156867	11.9452038322276	9.5993443410314	12.5831155814405	13.849169307944	chr1,228752212,228752771	Dtx4	0.0434668000557713	3.63047426092918	0.750186365791441	0.903953305138139	12.1962355687114	11.6241187073279	13.2806961018616	12.5691609667646	12.3912129593194	14.047298179284	9.41879303982263	12.4143980704802
chr12,45904938,45905540	-0.663689800327522	2.81986446920487	5.29649848464091e-08	1.68596678660059e-06	5.0907685348756	5.3218191930286	5.13677577135969	5.74502841263783	8.30598437428346	8.19761533311274	8.48284576877589	8.77021888000496	chr12,45904938,45905540	Hspb8	-0.53599068148579	4.10967672738096	3.84566799368013e-07	1.55344746586816e-05	13.3205501184186	14.7352908908825	14.6858235607103	13.0613809188465	19.4759396165425	24.0512827547426	17.788141634248	19.7051410549366
chr17,80881957,80883101	-0.77220326376006	3.37620029409373	1.03437954805472e-09	5.38048336814581e-08	6.5716404206866	7.33976302063609	8.16739130137124	8.06160303625529	12.5060306782853	10.9954359352721	12.5853039439762	15.4192372444076	chr17,80881957,80883101	Vim	-0.868790073609816	5.13715727485804	0.00142181852680944	0.0158151553525542	20.0673526223805	33.3774675499646	26.4033178422962	19.5642804350437	33.2526159444734	83.6258539832625	25.6074255725666	38.6940717940557
chr19,41482439,41482833	-0.726423028480052	1.85250798616519	2.04077674065083e-05	0.000290304369965523	2.684253651538	2.29267599662078	2.75293858444092	2.59459451794802	4.19974571567014	4.00611034863479	4.56689653171559	4.33882452984717	chr19,41482439,41482833	Calb2	-0.196462122686539	3.82054195324101	0.15670857065037	0.41785927495365	13.6381437587378	9.43674400416149	15.0022776861008	14.0240619034364	17.7743786520943	13.1782336470229	13.3767709149088	15.3779306256584
chr20,13149141,13149442	-0.661743473548171	1.99753901028106	4.26645840811486e-05	0.000536573989877247	2.7767741597804	3.12037088903613	2.84350241436217	3.05787946324053	4.57309882758401	4.65746970973105	4.47513888874989	4.98535329692681	chr20,13149141,13149442	RF00026	-0.19453541813867	5.00561397013198	0.00716789769868775	0.0557256650013344	29.4465543768482	29.070381046013	31.6031885102787	29.1160702178128	34.7618906295556	35.0058098403775	33.2416145931002	33.4818978370916
chr2,187854078,187854390	-0.599034835942191	2.45588150428105	6.03844030812779e-05	0.000717216291461519	3.98004664433609	4.86568258966459	3.66745095406384	4.35516673138296	6.2529829710439	7.35622830260465	5.78132967773629	6.18477080842981	chr2,187854078,187854390	Lmna	-0.127874161599042	4.94346095274692	0.135156185252675	0.38196597937689	30.0863832826261	26.8152615391313	29.3033708622268	30.8111279154321	33.7937077770339	32.524716788592	27.7644292043141	33.8789996464811
chr3,159568920,159569479	-0.629375001285311	2.50376659026426	9.62327527234671e-06	0.000153586408530579	4.16517941736285	3.85193527508774	4.68031444764848	4.54046118747318	6.53293663835825	5.87031128582977	6.99055720491551	7.29357561842243	chr3,159568920,159569479	Tox2	-0.228269875804223	4.83340369742435	0.0442545963718895	0.193710548221978	24.2341514485877	32.5134556560136	24.3632708585411	23.2852899500704	26.8045466001101	35.5560020504025	30.9056513637957	29.0777431340299
chr6,8886588,8887094	-0.65304530020352	2.67306483837965	7.52068764391228e-05	0.000861779689405201	5.64627587852175	3.85007500580213	6.2443603109449	3.52167319389656	7.18696931127655	7.35924597370841	8.2945216495472	7.47730466911273	chr6,8886588,8887094	Six3	0.0292932405895349	4.0018310220053	0.767411610882551	0.911141651642843	15.3264528692688	16.2824753747797	17.4858819112465	15.0080002468552	15.5313630785315	16.5454244374199	15.9190002359877	14.8200060627779
chr7,116606549,116608275	-0.685803849844978	3.8949496771188	1.53179321905096e-14	3.15631463475518e-12	10.9220416521282	10.6416402072922	11.4684161560541	12.046095300264	17.8250195823761	16.9551803509274	18.6426916050956	19.1099580535219	chr7,116606549,116608275	Ly6h	-0.0340350323178202	6.56113850130954	0.688945781851266	0.875440211210011	96.5993992085768	88.0647293267996	87.924609019022	100.062754073787	98.7339608039175	99.3116616302932	79.6080952264592	104.042588218682
chr7,126913967,126914779	-0.999336922230094	2.81993647681195	1.65016559992932e-08	6.04484471669346e-07	3.51713896880356	4.31142954491501	4.21862722679188	6.30052017611563	9.05252891704968	7.17694025654993	9.22859121203352	11.2648049511214	chr7,126913967,126914779	Celsr1	0.0222803950588569	4.60253839720924	0.878648673502537	0.96375795350834	22.4691452544455	26.7585856381359	25.5799704382828	22.5519062940865	22.1338219994115	31.6362385993765	18.813823403252	23.3096223441207
chr8,49676236,49677141	-0.672605126763335	3.39545671992654	4.9273119425823e-09	2.08325506102681e-07	7.12701584236416	7.98280458719036	7.06080202523602	9.72913994788462	12.6916925656736	12.0175969341022	12.7708959225037	13.3862579255583	chr8,49676236,49677141	Fxyd6	0.524444616747125	5.2749912090565	0.000215699273064067	0.00359889547992764	49.9000832522834	34.4692140980975	43.1824902178649	54.6347591746941	36.6836151802537	28.9045094267285	24.1456048151567	36.917999894487
chr8,55306535,55307119	-0.875730014429087	2.40957991259117	5.25995271138545e-08	1.67587467105412e-06	3.05440175415387	3.67041430588855	2.84087286296156	4.9107056356855	6.62587817412316	6.33486661325943	6.61867358030606	7.01631290529946	chr8,55306535,55307119	RF00026	-0.19453541813867	5.00561397013198	0.00716789769868775	0.0557256650013344	29.4465543768482	29.070381046013	31.6031885102787	29.1160702178128	34.7618906295556	35.0058098403775	33.2416145931002	33.4818978370916
chr8,57885413,57886557	-0.737219023388596	2.82707390929119	3.66879175461948e-05	0.000473448515077959	6.29423452664631	5.4144777465794	4.49263800590971	4.54076492664001	8.21359641378442	11.6360312109382	8.2974668195046	6.45952556999514	chr8,57885413,57886557	Exph5	-0.665819548639473	3.94731900338548	0.000122471632314709	0.00225893938641883	10.4342577827826	17.1720080971351	9.92538304032452	9.58195950831495	14.7371583955829	21.6577598810886	21.4733109834911	16.9040695629097
chrX,124464604,124465341	-0.667382886212222	2.228972402966	2.46195935850872e-05	0.000340319919081851	3.51728423497762	3.21033980417633	2.93349309322549	4.26225654315276	5.59905729896862	5.49585446839592	6.05772824582755	4.98425948312168	chrX,124464604,124465341	Tmem255a	-0.278697560790777	3.87555127736104	0.0851386611115565	0.288006061933123	11.8780374548856	15.521278874763	13.2884612053835	11.8472395813121	13.9274829576508	22.4435253158909	11.9664787517803	15.3799328530083
chrX,136807525,136808403	-0.604994354703076	2.77903080502706	4.4881318593569e-06	7.97710252130007e-05	4.9056271199898	6.05887871070381	4.95266779939242	5.28186334377105	7.83968280749753	8.75424184317712	7.27324760193095	8.40096909028064	chrX,136807525,136808403	Igsf1	0.173941116488267	7.216917089939	0.0273125399929528	0.141372326715116	153.329111595743	147.527722525424	174.96567299467	154.491170731929	144.440956757854	151.525728151144	125.604753584574	137.28929500215
chrX,145875343,145876528	-0.77585921634096	2.42509855130362	3.83646940529433e-05	0.000491390949772727	4.2578208409998	4.03809390483427	4.77456919192536	2.22447121682872	5.97444174542212	7.91408202221481	5.78176497448026	6.55428284395918	chrX,145875343,145876528	RF00002	-0.534967079984553	5.75465686881467	0.00366528072409935	0.033489320901741	41.8046175800617	51.6585889746476	44.7353325427283	37.240410048088	55.8559001438347	47.4054165309954	100.868272377234	50.3920260135159
